+79648791727
+79181986116
+79182873708
+79184813216
+79898251545
+79656347046
+79898754624
+79183793519
+79226021685
+79648922624
+79266226002
+79822974351
+79898651333
+79894534458
+79198980972
+79198817986
+79181926029
+79156820896
+79824880568
+79173456693
+79119269197
+79228612276
+79192692407
+79606964876, +79102119877
+79803881362
+79826888372
+79181822168
+79887486053
+79801562059
+79857445033
+79886793598
+79889516237
+79133356789
+79064301554
+79880915625
+79187170877
+79189526945
+79185238676
+79185238676
+79166527077
+79166527077
+79180546261
+79180546261
+79184624807
+79106085519
+79122141711
+79174539894
+79171679727
+79174979293
+79215201666
+79825642492
+79182664543
+79272114924, +
+79180050903
+79805100911
+79689158686
+79184810438
+79828388638
+79261706230
+79193409959
+79127751784
+79999088808
+79164950360
+79166981024
+79102679931
+79898917969
+79896591624
+79873683288
+79955062343
+79169152691
+79824027695
+79171708947
+79108509314
+79155123955
+79178137323, 79178137323
+79806752661
+79898009992
+79856903303
+79187462949
+79888751023
+79165801495
+79165801495
+79180068181
+79895349758
+79104741717, 89145218444
+79899940888
+79875211848
+79189370965
+79899729409
+79203450034
+79956230819
+79173954642
+79221229221
+79824133134
+79151305487
+79129929773
+79159122335
+79878430036
+79157566290
+79126233928
+79183381889
+79155437096
+79114534818
+79189452991
+79158354153
+79652169990
+79885159779
+79189644492
+79130190175
+79372516241
+79829081190
+79111152950
+79111942793
+79153196439
+79160715431
+79825616174
+79133602054
+79177483390
+79831266206
+79138570756
+7916 974-55-98
+7987 566-27-79
+7989 525-53-44
+79891409105
+79175245562
+79189554710
+79870368366
+79852054775
+79634266665
+79895024509
+79899063259
+79189924357
+79817950026
+79205317713
+79273317770
+79959115133
+79119698897
+79117960200
+79106778239
+79119204926
+79004696067
+79531170622, +79064326526
+79157115675
+79631391996
+79652163066
+79169826880
+79163906959
+79108237753
+79897173000
+79854436611
+79881851239
+79855511751
+79143674202
+79787625261
+79003805500
+79097531643
+79326183776
+79161723113
+79018008119
+79129330886
+79117286133
+79144412010
+79043088020
+79107197525
+79165230974
+79502052810
+79123388080
+79104334248
+79006528936
+79021370604
+79113564456
79156244748
79128885802
+79894654404
+79169960533
+79850707261
+79184382253
+79883656065
+79811652724
+79885642123
+79853419589
+79881689655
+79821390824
+79877602661
+79880972363
+79881345751
+79887813951
+79268285822
+79103400770
+79280418866
+79775571467
+79802170908
+79189139322
+79601404921
+79628603374
+79188295255
+79154659863
+79154474393
+79160119983
+79105050821
+79117151568
+79146593966
+79062969033
+79106422763
+79852151304
+79254304047
+79805648486
+79873931627
+79883561745
+79888060038
+79850331944
+79883074595
+79894705222
+79610339533
+79274542111
+79852770707
+79522169653
+79299358909
+79184978038
+79163286612
+79821232121
+79185278657
+79832660102
+79188699898
+79213465919
+79618508693
+79167148696
+79176644825
+79161635934
+79194464661
+79831951891
+972534255285
+79100851755
+79124484757
+79100131357
+992937559597
+79600193534
+79134642868
+79103618015
+79065381711
+7914 451-79-85
+79118577441
+79801565997
+79134941180
+7917 279-13-94
+79168800062
+79102310451
+79885902475
+79192030034
+79850078093
+79855550385
+79855559909
+79194165000
+79252647170, +79857147911
+79999898976
+79888535754
+79882104649
+79873975256
+79171751558
+79193626155
+79645628605
+79181472436
+79181414984
+79197235599
+7 985 775-56-05
+79159167887
+79169346633
+79163455471
+79162593566
+79161456688
+79163452707
+79822794560
+79005947730
+79123541495
+7919 932-39-93
+79107260123
+79163572955
79152288784
+79824450946
+79889020304
+79372148128
+79886717106
+79503477377
+7950 347-73-77
+79873571079
+79379169962
+79888147472
+79880939883
+79184653338
+79170565096
+79638995999
+79198574986
+79174031611
+79179505111, 89093434111
+79174371026
+79876620977
+79777107708
+79892866832
+79883647236
+79270426701
+79189239709
+79102577652
+79126003319
+79174080980
+79180560635
+79856883399
+79124770935
+79113340798
+79898899676
+79103038735
+7914 328-21-14
+79874797909
+79888882155
+79182969711
+79897741223
+79883386749
+79776894823
+79889397151
+79881586134
+79260264450
+79209246690
+79824954436
+79180409499
+79178090991
+79178633890
+79174813677
+79530482635
+79126824150
+79174571555
+79114474286
+79113560863
+79274198894
+79887822780
+79186430406
+79119350742
+79124904590
+79097358181
+79143706705
+79870061715
+79892938701
+79026968137
+79178657800
+79187850333
+79102448565
+79138438302
+79193582321
+79193961131
+79025010121
+79857748118
+79894637775
+79536933885
+79857210905
+79855766177
+79883885656
+79852014812
+79888938869
+79378352808
+79827953417
+79198261959
+79324144008
+79113729865
+79038898442, +79203515418
+79157165474
+79163833731
+79018642440
+79123817479
+79165182075
+79198537990
+79106924713
+79107578150
+79610305353
79320111393
+79832719887
+79163179555
+79127951014
+79177868769
+79887498002
+79801704888
+79885263629
+79183208662
+79811939878
+79180629105
+79671529696
+79806842685
+79177239669
+79168231188
+79195178652
+79183225197
+79184438397
+77785380641
+79100030504
+79825312133
+79129534288
+79824644503
+79177677278
+79833231685
+79112861910
+79126953677
+79199557751
+79156568839
+79828389612
+79122540504
+79132268217
+79235663628
+79164629680
+79189773512
+79253758991
+79091336052
+79018040473
+79823213660
+79896507557
+79859798828
+79850439929
+79803724122
+79891973561
+79897657729
+79189489458
+79181600446
+79178567880
+79184140819
+79189190618
+79185693828
+79181865133
+79530089517
+79135237363
+79165119116
+79194951227
+79199075946
+79146061166
+79103600946
+79091854783
+79139035764
+79124962737
+79136174347
+79858857291
+79869041542
+79811931390
+79268872944
+79153008809, 89173192849
+79878781379
+79170389111
+79880082119
+79022728248
+79856100155
+79175826203
+79180090888
+79182312476
+79829357737
+79272838451
+79282568210
+79886212383
+79993108810
+79188390700
+79188652338
+79889051971
+79898513508
+79881473881
+79899816070
+79888772697
+79887460756
+79533219445
+79124497727
+79384530052
+79186775956
+79188797852
+79181827701
+79188378417
+79190545038
+79180090864
+79129131939
+79822697078
+79110055511
+79196060944
+79282781563
+79051999661
+79834331184
+79199452580
+79106860888
+79880118400
+79852246868
+79894803639
+79170126582
+79155319878
+79195134010
+79883234430
+79818297426
+79886690009
+59892150046
+79851487884
+79183146104
+79182244116
+79189848999
+79186579881
+79180296156
+79822199143
+79193112723
+79829064576
+79833291234
+79105988119
+79809113937
+79112369432
+79831959550
+79834063231
+79120771277
+79141730360
+79124467999
+79627907101
+79613057434
+79859996280
+79892441123
+79183696460
+79885644656
+79853605398
+79851824347
+79800284439, 89867540538, 89026876424
+79898302867
+79883996945
+79877900505
+79180297121
+79852077575
+79174355974
+79307350000
+79180217450
+79171564411
+79116526888
+79154059422
+79101839432
+79113919835
+79174431552
+79832439203
+79991343018
+79606688860
+79858068200
+79872594051
+79185704840
+79189593468
+79372106389
+79184195078
+79139193778
+79150216868
+79128432629
+79117851545
+79871047537
+79867757345
+79878690059
+79172958914
+79102832289
+79103903877
+79896178825
+79884326368
+79051816702
+79106563951
+79154191694
+79184944165
+79257935082
+79888362175
+79899749098
+79127335287
+79858310895
+79887170932
+79770050525
+79803344886
+79526549489
+79197752674
+79995612752
+79649233774
+79181013958
+79655626544
+79182687675
+79114725635
+79373473474
+79061006383
+79224730907
+79161094269
+79129061624
+79123282174
+79117958721
+79124787668
+79120111142
+79129229621
+79177689632
+79103766577
+79030028984
+79164066612
+79162830770
+79171967565
+79871379207
+79172905999
+79103058610
+79852119966
+79872141052
+79169743461
+79882703818
+79159001355
+79898985588
+79002470406
+79855810374
+79520433553
+79528617883
+79511048752
+79180234671
+79109029172
+79152843625
+79524006672
+79101162932
+79277746745
+79101409418
+79133913201
+79805271718
+79898610464
+79198729081
+79130094246
+79131835325
+79525844449
+79677430888, +79174494138
+79159143834
+79869203245
+79524105499
+79897028456
+79873514784
+79161355422
+79805427617
+79199884924
+79850818627
+79137942453
+79128285469
+79512182220
+79182559428
+79160632700
+79174371192, +79173615577
+79106118833
+79128677272
+79155436721
+79126563668
+77051659777, 89139423608
+79137736268
+79153354126
+79283602222
+79283570712
+79117806250
+79185608384
+79536590143
+79895009669
+79180953336
+79189189257
+79899116848
+79186957458
+79153620305
+79857608033
+79005449920
+79895281628
+79895178471
+79640286268, 89881210302
+79889520806
+992928084030
+79859107700
+79198192020
+79876875257
+79121854004
+79153588595
+79117908102
+79107445050
+79035684157
+79165951127
+79187819947
+79871859606
+79178892570
+79122062644
+79284420919
+79080625092
+79179331197
+79184944007
+79188326583
+79859632529
+79050383388
+79870714536
+79169827777
+79890359994
+79883563022
+79899100136
+79190434232
+79182913993
+79176602555
+79827220158
+79181888809
+79179173022
+79821708737
+79104937785
+79128288673
+79170147397
+79824407616
+79101470477
+79139775541
+79125108928
+79826262494
+79128043182
+79014618536
+79495224139
+79154143795
+79026047128
+79126733896
+79113610090
+79197033884
+79092484028
+79003906163
+79028613885
+79807392095
+79894826130
+79199017445
+79189031855
+79811660521
+79187381227
+79654914646
+79818190787
+79806582951
+79879519012
+79261629898
+79174158798
+79152553628
+79152255423
+79157200205
+79871196328
+79101770801
+79194301599
+79035681195
+79108444304
+79823819285
+79157629157
+79894557196, 89894557196
+79511042477
+79152623148
+79895020049
+79604144574
+79869832258
+79867225472
+79858435292
+79898336560
+79851130533
+79896522542
+79871542035
+79101775733
+79182132977
+79894692970
+79162470007
+79829261138
+79177191137
+79158111649
+79156164825
+79199301964
+79194643406
+79126456458
+79090551089
+79512497322
+79036857700
+79104089614
+79136822953
+79241135474
+79823672210
+79172279936
+79507214045
+79119230808

+79883146694
+79189448461
+79884437000
+79872995604
+79118510161
+79640352672
+79867126947
+79640517683
+79880948506
+79181943649
+79393951235
+79818217166
+79538459807
+79177413202
+79995109586
+79874372203
+79183951055
+79088828040
+79867808408
+79827080490
+79124226365
+79128221743
+79169455508
+79155377246
+79174572171
+79177532353
+79105932276
+79088698083
+79117354449
+79895188185
+79880925213
+79997053208
+79878145414
+79191900513
+79145500572
+79894948816
+79952205142
+79184918042
+79111098481
+79873587315
+79886395271
+79658888776
+79189724994
+79872740589
+79818571490
+79189755126
+79856331906
+79190100771
+79282358743
+79828381651
+79270336304
+79180067268
+79803303020
+79508148516
+79265660530
+79202241068
+79186235973
+79185375585
+79250668483
+79116166215
+79104220807
+79181331709
+79801712586
+79825050463
+79124483248
+79005779966
+79228275000
+79116173945
+79166535198
+79178507298
+79150450013
+79184992339
+79181969212
+79187088009
+77479964353
+79160365498
+79872220716
+79123587646
+79169179543
+79887028939
+79951925842
+79877463203
+79888428003
+79162954620
+79997177525
+79034999947
+79184922209
+79881602772
+79153906196
+79122744415
+37377832836, +79773434511
+79123917505
+79193554526
+79172235544
+79156949463
+79175520506
+79876603990
+79899006444
+79257636232
+79654397800
+79182518161
+79160738644
+79262693148
+79882881659
+79179705402
+79177525123
+79128233915
+79120163446
+79115644573
+79194404228
+79169996775
+79102293095
+79164411075
+79894660197
+79188361330
+79185107555
+79116166606
+79896626212
+79874883120
+79195954912
+79155181915
+79807404887
+79854440508
+79102474339
+79854786302
+79857465266
+79188374143
+79896102031
+79204347363
+79854443194
+79898632199
+79805317061
+79377501050
+79874337366
+79803368440
+79194295046
+79656237277
+79189223453
+79811951573
+79818098432
+79187686309
+79186482020
+79184763462
+79823631818
+79104242703
+79124055197
+79102257277
+79024260690
+79195687804
+79962935695
+79168180022
+79850776128
+79867044582
+79626963419
+79877546716
+79184434349
+79276106450
+79127680713
+79158394752
+79201746130, +79108458017
+79112177118
+79052364268
+79896564760
+79657795666
+79878190072
+79005333637
+79609787870
+79898767701
+79513012312
+79858627710
+79181727021
+79836362661
+79129463826
+79857830707
+79853852064
+79881168277
+79898663501
+79229538282
+79196649205
+79811628171
+79372341333
+79202126621
+79182775996
+79187019289
+79183249601
+79828396773
+79158377026
+79137300986
+79117747567
+79174017265
+79158357818
+79103564171
+79117931776
+79108667675
+79602055838
+79116041314
+79698030830
+79270705071
+79129877817
+79058260999
+79123493993
+79107459913
+79183274723
+79875983740
+79124919558
+79951084555, +79278818659
+79125594788
+79218866277
+79374402746
+79889916375
+79896300623
+79877320443
+79118578886
+79944063248
+79967879086
+79850634883
+79806517243
+79629044777
+79182586434
+79148384401
+79051424730
+79136370045
+79182980814
+79829839794
+79180525066
+79189187664
+79187508708
+79157830773
+79157830773
+79155075973
+79835737336
+79193861605
+79105682645
+79101976493
+79101976493
+79831983403
+79833689672
+79135726019
+79183387889
+79882175660
+79112909067
+79183064297
+79787551225
+79857490446, 79854333902, +79854333902
+79109723995
+79879924364
+79889002401
+79877414415
+79880910556
+79877225000
+79806832555
+79857315021
+79898340951
+79877387901
+79527860375
+79315795472
+79198985538
+79263609848
+79803849759
+79198850948
+79811065895
+79879441708
+79803925217
+79150690446
+79182768306
+79882175660
+79107445467
+79137294148
+79167927297
+79157638967
+79169580647
+79818169382
+79168096290
+79161477807
+79136955892
+79233852492
+79822474825
+79101972722
+79117756171
+79009031923
+79128870507
+79104271438
+79130974574
+79833644863
+79132653218
+79263012297
+79167172500
+79029225354
+79104242762
+79897248894
+79196737967
+79191673242
+79173466796
+79852463237
+79858743087
+79136102527
+79827067334
+79780619334
+79371617770, +7+79371617770
+79108503463
+79104488802
+79188840239
+79888467115
+79159968449
+79167774991
+79874418453
+79897442246
+79869152966
+79886480923
+79870278860, 89964038908
+79182190299
+79781120872
+79834512163
+79192488879
+79823880468
+79647918485
+79188693219
+79184915215
+79179378823
+79184338496
+79656436390
+79165839905
+79182633433
+79180951649
+79108277751
+79171799768
+79100037230
+79170448251
+79193470707
+79132708363
+79684400045
+79270068683
+79870273181, +7 937 155-56-69
+7918 825-87-70
+79137687761, 89131002019
+79143719321
+79193328686
+79841672382
+79197953534
+79159094161
+79184769652
+79811625027
+79187436487
+79672020727
+79186252018
+79951516731
+79103531983
+79160336029
+79821557772
+79100093100
+79505456582
+7916 831-33-21
+79957866983
+79196380316
+79052250043
+79663530035
+79663530035
+79130102206
+79998378168
+79312242371
+79684975364
+79653025662
+79260149004
+79122786060
+79655111768
+79961712260
+79104241352
+79899942828
+79827749545
+79289822178
+79883006816
+79198573299
+79851144065
+79898207818
+79104674533
+79058883060
+79883553938
+79187099054
+79887980502
+79189634809
+79186298521
+79822995196
+79159223242
+79045078839
+79245983504
+79121413915
+79108736744
+79124986300
+79110451167
+79054761840
+79141978746
+79119998979
+79131812996
+79895005032
+79136237404
+79142087495
+79231987586
+79137758212
+79035142121
+79827827399
+79182941412
+79187991865
+79881376009
+79851054058
+79877293802
+79969268213
+79811917976
+79094130355
+79534075889
+79122730107
+79299966634
+79190278648
+79179127770
+79821081278
+79158396007
+79284073885
+79157508740, 89100933606
+79117912993
+79106179907
+79110483594
+79164872360
+79170517075
+79020591275
+79178701336
+79025113490
+79151282010
+79897571990
+79877044468
+79192405191
+79191819449
+79129818756
+79196727574
+79183943231
+79186621668
+79878823583
+79180965208
+79154642171
+79195794822
+79193394219
+79822583763
+79617944755
+79532196670
+79850231242
+79181466932
+79005137025
+79163003076
+79090611047
+79095398270
+79536005130
+7 (911) 129-06-21 Галина, +79588582082
+79156267136
+79875425161
+79126472672
+79111420056
+79191569209
+79174308678
+79195350924
+79193009545
+79193604820
+79128391449
+79193365568
+79891988712
+79377701325
+79174062303
+79187537581
+79883454331
+79892661225
+79806583389
+79215543013
+79100910190
+79189216445
+79180507035
+79181897454
+79189261646
+79186166502
+79277614000
+79091312027
+79208888680
+79883101069
+79165082935
+79894437955
+79191449867
+79129000900
+79895250769
+79894889605
+79885541032
+79858923233
+79807337964
79879365017
+79850155872
+7+79788244099, +79788244099
+79850256080
+79867213492
+79197742570
+79175187887
+79189535171
+79191788777
+79114523129
+79370072400
+79183512907
+79186535753
+79994476083
+79169207660
+79833647399
+79135080078
+8613910307607
+79121272036
+79635707514
+79120478655
+79137823086
+79773518326
+79234609009
+79994692168
+79134973100
+79081015235
+79094944001
+79177903311
+79181234396
+79894437927
+79806703672
+79034597488
+79226828562
+79032806015
+79885313891
+79673320496
+79883083554
+79853367163
+79850082426
+79996751482
+79198774777
+79673000423
+79185368793
+79182977372
+79173063823
+79189607362
+79033443128
+79176751391
+79170374296
+79816821197
+79834140750
+79834588165
+79117294920
+79160063233
+79242327192
+79122320032
+79137076762
+79039931148
+79150783440
+79163588720
+79173552000
+79037566606
+79055248628
+79628761737, +79628601876
+79050153994
+79054594545
+79036600739
+79055301456
+79169977409, +9992934550055, +992934550055
+79031110798
+79035249927
+79283217500
+79024277876
+79236228760
+79044496400
+79135279187
+79134613255
+79806442073
+79221437333
+79162230297
+79876610540
+79032183311
+79188581823
+79109636580, +79992340084
+79884380038
+79196299288
+79180681361
+79156773218
+79676660203
+79185066531
+79180524733
+79152340201
+79223512070
+79153840880, 79855208328 Яна
+79130254737
+79196076670
+79833155150
+79108632556
+79028717743
+79961000420
+79186835829
+79139472523
+79615706407
+79154312274
+79133809144
+79852428622
+79803879312
+79058888128
+79189666543
+79261625046
+79178257566
+79283732787
+79288777305
+79656414587
+79997172218
+79199015206
+79169282118
+79802676860
+79196399558
+79162006354
+79151420711
+79151231503
+79826576397
+79104021796
+79125451175
+79137713506
+79133632012
+79134643539
+79831986926
+79607614685
+79124544074
+79898010510
+79094755900
+79873302600
+79899054058
+79850535257
+79604280477
+79880817007
+79997300003
+79885495495
+79520400490
+79536932163
+79168605595
+79166895044
+79855278811
+79802514073
+79182570010
+79208798716
+79883307210
+79889911507
+79196868638
+79827968070
+79897164579
+79858000710
+79856669103
+79854237830
+79629607778
+79284374946
+79817406878
+79192476532
+79881371841
+79182543660
+79221737788
+79164064164
+79166779535
+79153553419
+79150969072
+79998451711
+79109307180
+79629886827
+79198560128
+79022001047
+79106169499
+79199386453
+79103582166
+79193204040
+79107626525
+79139480213
+79963110463
+79876172556
+79152449998
+79123310347
+79261247838
+79180464908
+79889420041
+79109533097
+79180400012
+79219610008
+79112911674
+79371696481
+79161727085
+79878560405
+79104320452
+79182625825
+79500339572
+79179069725
+79172728540
+79183231566
+79882159817
+79324279025
+79897423836
+79197537727
+79826134643
+79530407773
+79136786874
+79822860036
+79874031312
+79193059759
+79194845599
+79135297886
+79151182006
+79159862098
+79994695624
+79136044000
+79149587581
+79156708582
+79586430583
+79185941346
+79887345372
+79897074772
+972559242003
+79152868000
+79081833951
+79532662349
+79199079047
+79112002941
+79196391334
+79898060012
+79196138030
+79819744500
+79877182430
+79889978014
+79889554413
+79679504141
+79199690305
+79677789911
+79197293933
+79539999430
+79167535470
+79870444240
+79265893838
+79165291463
+79157536028
+79165400023
+79172111000
+79175159916
+79130255168
+79154224298
+79145798736
+79119205948
+79171537700
+79120171794
+79123876575
+79135066252
+79294091997
+79886224900
+79894403880
+79281717572
+79180914130
+79894527558
+79887990034
+79253040777
+79853303345
+79183703302
+79213872052
+79829347689
+79831573461
+79166354352
+79822725581
+79172507639
+79137393629
+79134417660
+79055705600
+79134849564
+79267231111
+79154100621
+79129261582
+79873674448
+79059867263
+79043812075
+79145837630
+79163836272
+79506023399
+79277773334
+79855343523
+79187282456
+79894756326
+79183180141
+79189885288
+79207505225
+79185521773
+79827882190
+79134025116
+79187593059
+79226605805
+79151233244
+79833185379
+79851838609
+79123537612
+79280083371
+79177119605
+79180606009
+79827481255
+79172944536
+79146024690
+79130246367
+79241622023
+79122581048
+79134969875
+79049676923
+79167504005
+79850599530
+79116950802
+79859053658
+79155798028
+79182349572
+79867315715
+79852288615
+79872195030
+79823819458
+79184641848, 79182848071 Галина
+79134863749
+79825100373
+79139210888
+79119951455
+79103027866
+79120799033
+79112161445
+79100850442
89175845553
+79167351325
+79067753298
+79888609991
+79164524884
+79184107019
+79889910144
+79894713738
+79874791179
+79869875050
+79885510721
+79852534252
+79855682930
+79196395469
+79284041141
+79625726187
+79103605515
+79169194887
+79115823440
+79121718088
+79883312212
+79829496274
+79185710740
+79187043027
+79188060222
+79185423341
+79827862985
+79106448670
+79534531353
+79194486774
+79825919373
+79143848180
+79228304730
+79523331073
+79150935481
+79118382327
+79191400444
+79124942447
+79085612121
+79649294982
+79822930817
+79131338827
+79898007028
+79998442453
+79881398091
+79884327390
+79296596367
+79648912333
+79784003333, 79787473667 Иван
+79831034919
+79852830912
+79184045507
+79199077334
+79177856725
+79148035358
+79046764834
+79115803295
+79109557063
+79105985696
+79126658603
+79138007480
+79124475204
+79130185933, 79153842883
+79122683424
+79132684440
+79283777789
+79857677850
+79269039035,пре
+79825648412
+79803790557
+79090203155
+79821268089
+79877946960
+79177665588
+79872019211
+79271054244
+79155960907
+79145528428
+79187093777
+79858135825
+79180044486
+79181325954
+79157547254
+79778195529
+79834565423
+79136400307
+79841480274
+79133959411
+79100819992
+79137339818
+79162517693
+79886729522
+79817907058
+79867081513
+79114467928
+79853096930
+79965984574
+79273888898
+79871901150
+79194845800
+79199197040
+79829371936
+79172998064
+79182120851
+79222817917
+79136944600
+79833285816
+79824512272
+79194494409
+79824753303
+79199378214
+79125941234
+79117018843
+79126070590
+79003450873
+79104213835
+79187405020
+79003911132
+79196065767
+79872907006
+79672458516
+79155535873
+79284117679
+79185108995
+79841734933
+79852143346, +7 9851537720
+79856662886
+79853055035
+79811363198
+79531539593
+79828709615
+79827286756
+79618194456
+79530391575
+79137996226
+79167567637
+79157712564
+79117785723
+79126976508, 89826132222
+79139144443
+79122825409
+79122353800
+79107780119
+79155681138
+79127597889
+79193937423
+79824444909
+79850599961
+79277379030
+79853383857
+79656016767
+79885608081
+79308024852
+79882179844
+79958873884
+79173691067
+79104815413
+79806552099
+79817884818
+79152453243
+79854381352
+79857113456
+79831288828
+79604690551
+79191615515
+79874831211
+79120136508
+79180577775
+79628568283
+79957828444
+79021089970
+79172222063
+79189674507
+79184274171
+79138006811
+79821090023
+79166640463
+79156592892
+79157923457
+79225319530
+79178099957
+79154750325
+79124199975
+79139544469
+79152170110
+79106574633
+79145767778
+79169484810
+79146170671
+79109505333
+79153659179
+79126044602
+79148142608
+79183203135
+79886400363
+79150010090
+79186500839
+79063703494
+79197133464
+79891765279
+79777277788
+447597842393
+79182938728
+79167184554
+79277416715
+79855327671
+79267534117
+79522424244
+79197739535
+79160772555
+79151510887
+79199610103
+79186366003
+79172037369
+79182520136
+79168571045
+79655609959
+79160230817
+79832746694
+79164108397
+79128208877
+996220595227
+79154320065
+79027804490
+79062543954
+79127430644
+79114036347
+77075935354
+79788527967
+79196749881
+79141438096, +79141440869
+79220015588
+79855765486
+79166167580
+79529511369
+79186607616
+79787210709
+79039222235, 79130479238
+79186710710
+79872355575
+79153467557
+79884674050
+79188625836
+79100009108
+79103020495
+79113341544
+79081013250
+79150699520
+79152306503, +79167176942
+79094020001, 8 989 531-42-64
+79174439084
+79803222070
+79184926436
+79182937255
+79180001348
+79872425738
+79130906161
+79131747515
+79167979662
+79189654560
+79656807235
+79832493963, 89149444261
+79878069921
+79081924527
+79131903385
+79194403527
+79831679427
+79894697587
+79189523381
+79177078777
+79875735491
+79825111115
+79842910188
+79858757799
+79856630065
+79199010913
+79187682413
+79178981555
+79295070093, 89153204443
+79159582767
+79119144254
+79135283552
+79831320583
+79048011333
+79110286520
+79178792545
+79878259233
+79882939053
+79171784404, 79171784404 Мария
+79147878240
+79882018084
+79223319162, +7982-472-59-45
+79126378190
+79111650069
+79373975783, +79282717711
+79585001388, 89997115825
+79803510916
+79624966734
+79787848624
+79222931293
+79186520254
+79180645327
+79823403873
+79168380818, 79778027067
+79108071967
+79103991818
+79144190156
+79153620576
+79174762376
+79133017135
+79097145408
+79138909531
+79050591283
+79889265023
+79184525167
+79171324024
+79831393703
+79103372777
+79858203143
+79195507610
+79118149663
+79531572473
+79164489944, +79299283660
+79871358075
+79190258667
+79104406260
+79181537173
+79285272075
+79876162726
+79119609826
+79188821272
+79184312676
+79176537220
+79827663096
+79183743037
+79160410916
+79157756830
+79183189239
+79174627176
+79153694758
+79871985768
+79140247445
+79160778182
+996700970533
+79880957991
+79886456444
+79888989973
+79894688218
+79872912721
+79172241535
+79196961493
+79872408505
+79139741003
+79182195221
+79183920405
+79184562063
+79834510919
+79824838302
+79275524002
+79110086278
+79607450070
+79257581598
+79223427220
+79196004439
+79156599538
+79171864538
+79833363564
+79101094849
+79126453094
+79068002500
+79032921263
+79878331819
+79516830987
+79106569962
+79125232858
+79113741106
+79892877177
+79135292614
+79035866825
+79850256202, 79915918236
+79898630919
+79851972540
+79198018046
+79529671916
+79150901302
+79955058562
+79246380287
+79151527058
+79037719602
+79125304262
+79137678827
+79144308080
+79169156263
+79122362936
+79832960916
+79114487191
+79169791318
+79158133405
+79885583002
+79873386634
+79872652646
+79817258595
+79817127976
+79174796105
+79110806760, 79218350527, +7 905 216-45-74
+79151311951
+79140549513
+79155263633
+79160140958
+79885748457
+79858864343
+79285086870
+79788081825
+79261164905
+79043126880
+79201836325
+79193707099
+79163254424
+79126399098
+79171509776
+79133876906
+79124517644
+79112054040
+79158279064
+79161913360
+79118029547
+79160161179
+79170462712
+79189656565
+79872090888
+79270179782
+79123889974
+79182340840
+79821326327
+79123523220
+79197056227
+79872423263
+79619861205
+79829839820
+79161894145
+79524521100
+79194810774
+79819090927
+79852364000
+79181175046
+79115756517
+79068328132
+79821943293
+79829837447
+79872986098
+79124224212
+79888275007
+79182686202
+79254857883
+79192246701
+79872697309
+79173186706
+79199643883
+79177173512
+79871385418
+79870288460
+79649008123
+79162483891
+79178048875
+79130555525
+79120496796
+79139181979
+79139631409
+79832001911
+79304165735
+79137514024
+79139876351
+79896599708
+79185666401
+79882973292
+79852883398
+79192727888
+79100030606

+79113894981
+79198230311
+79867322505
+79194291862
+79645887488
+79857721556
+79172734026
+79196618716
+79873750948
+79898893523
+79166325553
+79180260506
+79192460982
+79875532090
+79884490060
+79304072605
+79880102662
+79198960589
+79323127834
+37368764359
+79878379483
+79889455934
+79856157879
+79315005906
+79156974090
+79266950202
+79162436363
+79166299756
+79165699705
+79806592664
+79178699703
+79137673295
+79116552929
+79260831510
+79266308507
+79852070909
+79850508880
+79803178933
+79601481713, +7900-599-9197
+79164299559
+79382010881
+79185402778
+79150140784
+79177414241
+79191677309
+79185991515
+79156797774
+79198232858
+79180280925
+79884191812
+79827824500
+79377197268
+79055009007
+79194650766
+79182553115
+79152629320
+79162282260
+79068253534
+79671599595, 79640260000, 79640264444
+79116473711
+79825670123
+79168120912
+79282286519
+79107244777
+79261696707
+79169164949
+79824420741
+79263234454
+79184104370, +79181108300
+79501964700
+79883886308
+79655125555
+79855583338
+79880630885
+79298950873
+79856882226
+79186337014
+79818917620
+79180633092
+79852688465
+79635494180
+79182640737
+79180646103
+79169911119
+79108705212
+79153824059
+79168133003
+79139548486
+79103840971, +7 910 127 58 16
+79157530549
+79151445008
+79105584724
+79193409075
+79153277087
+79139854333
+79228548849, ﻿, 89619477422
+79834056168
+79138939690
+79832444509
+79122029708
+79133614733
+79173695901
+79833863254
+79016527086
+79857674656, +79371411184
+79132524273
+789132164423
+79257460945
+79643001080, +79191326500
+79831326942
+79171735213
+79111360456
+79891622579
+79892696916
+79852894894
+79035804400
+79603228976
+79181080844
+79197384130
+79817568416
+79179021003
+79167041259
+79190361931
+79150536877
+79198067726
+79124543036
+79123110155
+79117971654
+79174307795
+79134817899
+79199175367
+79803828808
+79141862450
+79508520961
+79887937999
+79883654151
+79508436877
+79175210525, 89150446221
+79169515050
+79131197227
+79190899527
+79191592195
+79821424556
+79144200107
+79084659886
+79950119909
+79141529098
+79990834574
+79528809091
+79146501333
+79145842380
+79889410046
+79137935046
+79143605326
+79133088888
+79146968128
+79144038812
+79142969028
+79132815509
+79828286046
+79885617097
+79180733847
+79269693939
+79853089316
+79124504080
+79780218333
+79816900599
+79823173044
+79181030433
+79180187707
+79161094316
+79174735706
+79155856306
+79150740505
+79157812060, +992918404044
+79173412357
+79146628805
+79107806558
+79127770456
+79045496791, +79220029426
+79109019990
+79175579456
+79182568995
+79807149951
+79175050773
+79150043216
+79134129502
79085822681
+79168888456
+79152440301
+79891251585
+79109320531
+79104798796
+79894450682
+79196822064
+79148266210
+79048157756
+79126276271
+79851171483, +7952-223-25-93
+79191074141
+79262645482
+79150519341
+79823576843
+79182551095
+79153436899
+79168563380
+79175769712
+79180714103
+79170478811
+79164052678
+79152360747
+79120444526, 79961876150 Любовь
+79110127802
+79055970672
+79105310693
+79001983434
+79613744598
+79991258891
+79137556775
+79165359273
+79898555355
79145461659
+79874852408
+79829945604
+79058610060
+79888327666
+79607173007
+79119106532
+79878659206
+79879646976
+79130036094
+79131994643
+79852822626
+79120515050
+79826076837
+79822612300
+79132052300
+79149808832
+79137775010
+79039370460
+79122740734
+79834390958
+79135859042
+79113143059
+79127581773
+79173797547
+79103958491
+79138929797
+79130199799
+79853013443
+79274057699
+79113731741
+79312446838
+79619180447
+19293407069
+79859643874
+79852232294
+79858239636
+79885688802
+79218466041
+79818195887
+79615136464
+79955011444
+79161677372
+79185613288
+79184732888
+79829496156
+79183128642
+79173192052
+79161919455
+79821480497
+79101928715
+79291678720
+79501907591
+79151312484
+79033506019
+79063446712
+79194067315
+79109831304, 89016901065
+79174565924
+79106787228
+79827759022
+79138959001
+79836933993
+79803240030
+79177717733
+79887443777
+79184150512
+79137013552
+79130479238
+79869201781
+79991677147
+79819865223
+79883647281
+79887687898
+79891267816
+79671521861
+79823929472
+79184128966
+79183102392
+79134814995
+79139268697
+79182497122
+79196831715
+79188973976
+79832879599
+79164495279, 89162410449
+79134802323
+79152672500
+79153470417
+79147005649, +79147216741
+79833564730
+79023958760
+79116138597
+79108577624
+79119250400
+79126522069
+79064606602
+79279894438
+79807086178
+79172959797
+79853453388
+79122704813
+79187416342
+79162324191
+79164898543
+79199302141
+79832328855
+79134771328
+79014719473
+79894808431
+79113960496
+996500999499
+79119096333
+79188601083
+79155450004
+79885265081, 89528721172
+79858424999
+79168692291
+79188488529
+79117424191
+79995411010
+79852331028
+79268844588
+79850234461
+79178578544
+79181531212
+79150669666
+79029801325
+79169439333
+79298411228
+79196757617
+79508158996
+79175474033, +7 968 659 59 49
+79086330845 Александра
+79962420912
+79068066660
+79872946258
+79661890764
+79047668551
+79188351385
+79177388608
+79184202781
+79872595801
+79883177015
+79168308755
+79826201717
+79180009871
+79168242861
+79105100847
+79181793335
+79132523370
+79826126138
+79194482476
+79170368005
+79162584266
+79107061136
+79102554235
+79511232778
+79265695248
+79829052604
+79880916736
+79858933383
+79859720675
+79858653220
+79858683035
+79828735387 Руслан
+79186029522
+79829005366
+79001970464
+79180141222
+79111919001
+79158280513
+79153880068
+79166699305
+79169112907
+79170222756
+79179190637
+79128569321
+79152368823
+79084726272
+79122489431
+79181933268
+79175046854
+79161044717
+79156556747
+79188125099
+79274595263
+79126155622
+79886048959
+79193367056
+79834589844
+79857677187
+79221475611
+79819102265
+79859246196
+79167564220
+79148209939
+79151064113
+79602728568
+79112116147
+79055647647
+79063816699
+79811547262
+79896654783
+79112854900
+79145817941
+79638766466
+79096947474
+79889081111
+79159759247
+79196638141
+79168592451
+79851954006
+79819648510
+79663050691
+79857604890
+79992217790
+79163307269
+79817470504
+79787158143
+79062559445
+79802087788
+79803016059
+79811081604
+79167188673
+79165288213
+79165110404
+79167725631
+79164667154
+79166666506
+79166655501
+79166909660
+79167534855
+79217423020
+79032708411
+79118128182
+79119138662
+79154583517
+79117927394
+79119287452, +7 (925) 937-38-85
+79119508488
+79104737753
+79111995929
+79111651995
+79157002906, +79168592451 Тимур
+79152833123
+79801569406
+79108802481
+79892320990
+79292362027
+79159185049
+79129787746
+79111189958
+79181331985
+79101275161
+79213993169, +79112421525
+79181824094
+79959963026
+79189717757
+79873470342
+79874115356
+79853878162
+79854202018
+79858080730
+79886196879
+79883807228
+79890812921
+79064732047
+79872978733
+79850343403
+79817372334
+79183443667, +7 918 274-08-17
+79656839288
+79851120925
+79192694994
+996700079707
+79172545184
+79189970191
+79115039128
+79043499917
+79184520519
+79173794232
+79089111494
+79163186927
+79110894010
+79118313290
+79222515251
+79167904360
+79171243450
+79130342986
+79104647271
+79103144444
+79110644304
+79825161612
+79048470390
+79887415153
+79899715696, +79899976062
+79152498779
+79266555003
+79252909996
+79197251049
+79885567814
+79117518419
+79782178379
+79880863232
+79827554165
+79307041442
+79097738384
+79167707697
+79850004528
+79104774650
+79151930302
+79267178330
+79188638143
+79183740694
+79182718033
+79186997015
+79168269162
+79166577584
+79165615764
+79022223683
+79160130858
+79158454871
+79136565709
+79153442472
+79152558858
+79142341379
+79155246024
+79067075304
+79053119971
+79068837252
+79122405528
+79199211514
+79119216500
+79197184074
+79194915389
+79104639409
+79950909476
+79111554508
+79889660696
+79111011137
+79836116668
+79154695458
+79601595115
+79872307048
+79788445213, +79782332604
+79691062266
+79114485033
+79138260737
+79173999380
+79035745572
+79788664875
+79850648919
+79856210061
+79182870894
+79032562727
+79104476220
+79058950495
+79874042999
+79128016185
+79055323783
+79851984813
+79877183762
+79285004926
+79182555156
+79269454520
+79851757817
+79859659045
+79156350231
+79094869670
+79181613305
+79190793106
+79296484339
+79850353934
+79189412747
+79162694909
+79186701488
+79182920055
+79186335833, 89181682545 Ольга
+79167040322
+79175658281
+79183306556
+79127224230
+79099973061
+79110195767
+79138920203
+79162980607
+79857540625
+79117971805
+79120366677
+79166338442
+79110351748
+79129839679
+79119634487
+79037301800
+79175260686
+79261866747
+79886321014
+79855681995
+79771961990
+79872908628
+79123460317
+79148842860
+79856211244
+79875413088
+79522825226
+79209511526, +7 925 051-35-17
+79102938214
+79874960991
+79655201285
+79870895100
+79873590494
+79601666675
+79896576387
+79875179019
+79189140342
+79879331054
+79182986573
+79613275767
+79885990345
+79774771488
+380714378404
+79178955103
+79178556155
+79169061666
+79190522403
+79829130943
+79181139566
+79174300403
+79150048589
+79161319415
+79611187989
+79156517231
+79164443337
+79165146203
+79165244723
+79199040432
+79154657838
+79157984754
+79779927756
+79095595129
+79126948406
+79174053393
+79127592307
+79130046614
+79174485787
+79150056290
+79083362847
+79811480809, +79011951553
+79501376663
+79104261941
+79186771011
+79091693718
+79138626546
+79821342234
+79297893201
+79855233396
+79265544900
+79119544012
+79163001297
+79174356552
+79383133777
+79880880717
+992905020105
+79153737859
+79897770555
+79857687162
+79899573137
+79167370539
+79088998029
+79194259707
+79636208957
+79154477817
+79197230687
+79850005635
+79636992229
+79280756664
+79209990041
+79161589974
+79160978482
+79380072107
+79828315193
+79197672141
+79164103600
+79175059029
+79178708584
+79169058963
+79616994594
+79166725071
+79183410791
+79183988258
+79151837396
+79995626844
+79117524844
+79195878733
+79825062649
+79112322259
+79024747819
+79586424817
+79123718330
+79174380603
+79198162409
+79171380509
+79105985010
+79771564920, +7 918 424-29-69
+79273689888
+79852085733
+79153691920
+79377292609
+79175099702
+79256225416, +79850523434
+79166388791
+79853164916
+79150890872
+79650373308
+79779665129
+79880610621
+79169670646
+79139283445
+79833249209
+79872887712
+79193638161
+79168416656
+79146379953
+79876689068
+79303891883
+79183620016
+79852498353
+79883008848
+79855361424
+79811634910
+79856115103
+79877873758
+79111784848
+79896697599, +79883004131
+79188422525
+79897703804
+79858214668
+996707562703
+996507771333
+79184867717
+79850884901
+79138615551
+79175245298
+79156260833
+79640067222
+79850523434
+79187073583
+79196471523
+79119010602
+79602068119
+79153714362
+992908876543
+79146692674
+79184761313
+79811398750
+79094027099
+79154226886
+79112604061
+79156106069
+996707846163
+79850345617, 89277470505
+79533204004
+79175576847
+79188800802
+79160814131
+79156502543
+79199190333, 89641811555
+79851934403
+79894650956
+79141615755
+79873380690
+79200429304
+79174946888
+79850771919
+79136562031, +7 (977) 994-52-32
+79166759595
+79833124083
+79856383550
+79634111166
+79152184083
+79127379799
+79197041976
+79859265677
+79081596995, +79087416067
+79857754450
+79896590412
+79152250078
+79888697177
+79990856991
+79880863292
+79887133596
+79892986707
+79880813762
+79285005970
+996507393749
+79858881068
+79309101674
+79093659704
+79175817595
+79112459158
+79817611111
+79806882751
+79827169725
+79153249534
+79183151983
+79961874808
+79147732028
+79161003971
+79111412042
+79169186448
+79826506586
+79504450167
+79184453484
+79181532815
+79166475782
+79178596692
+79998988736
+79103475316
+79124607288
+79122430028
+79159000148
+79154930411
+79164714618
+79199469323
+79160103461
+79173776324
+79191497009
+79023178784
+79104687788, +79102665538
+79080611155
+79121677322
+79101627544
+79107090340
+79150007976
+79104611333
+79141756365
+79189403339
+79118825754
+79124445685
+992989135252
+79894483050
+79199014781
+79634716666
+79198998139, +380 71 455 9409
+79315321011
+79162054233
+79773200207
+79168684865
+79871954135, 79025299979
+79169590048
+79158259209
+79153365353
+79158814585
+79631507773
+79631507773, +79106964031
+79529573099
+79851273128
+79139599753, +79137558385
+79134123589
+79180265656
+79853897352
+79898801784
+79063163222
+79826505794
+79873845319
+79858241981
+79119208944
+79850891088
+79111504848
+79660304004
+79835312420
+79186552006
+79196742535
+79997149275
+79675553652
+79035429257
+79163591990
+79161127021
+79961799938
+79132335062
+79997176020
+79102433982
+79645039191
+79052731981
+79955021569
+79153554685
+79829151802
+79081869585
+79875303463
+79094649069
+79889521991
+79189996383
+79109105474
+79131028541
+79162925000
+79635459945
+79787749794
+79113210619
+79181140403
+79264324362
+79892717775
+79103251022
+79061993280
+79883401177
+79087416067
+79298334112
+79171777993
+79188655703
+79174988678
+79150825780
+79515648044
+79188881940
+79089271480
+79600590505
+79142148980
+79823212349
+79829384018
+79132302131
+79190630207
+79177401592
+79160705020
+79528102327
+79615319617
+79827274000
+79815600124
+79826515493
+79105169234
+79674161010
+79055685641
79055344605
+79123161817
+79996369864
+79134566416
+79883609093
79174128181
+79122896753
+79111999322
+79127571352
+79851631861
+79834063630
+79883164788
+79876241011
+79273318191
+79036673533
+79139828434
+79129196820
+79827754876
+79650355557
+79118533649
+79027184170
+79065001779
+79872727566
+79138212820
+79680062085
+79051734000
+79128779782
+79886750988
+79137290282
+79165803398
+79250201253
+79821550885
+79137129213
+79193311330
+79268471408
+79080677400
+79371827054
+79195298358
+79134519488
+79684381664
+79836168887
+79184133313
+79139885387
+79032470351
+79651312521
+79162728360
+79043552208
+79197722393
+79818514507
+79002031930
+79194661211
+79165117738
+79889989715
+79126658608
+79191052201
+79829936606
+79611908877
79168113114
+79041714234
+79101529770
+79156497479
+79199052370
+79177712788
+79299769365
+79646428009
+79181166852
+79894559228
+79836086765
+79823188500
79142036041
+79853082314
+79873933011
+79883881846
+79625665556
+79169337869
+79089303818
+79180755860
+79194725855
+79287764061
+79133981028
+79032950344
+79252926361
+79103081442
+79872280100
+79625061166
+79851694080
+79825248222
+79835813863
+79822202521
+79186444425
+79010371515
+79161077345
+79897524633
+79132016071
+79150149780
+79165470778
+79175626622
+79601680749
+79263553054
+79811441085
+79120254305
+79134140329
+79174128181
+79166811289
+79872591465
+79152307442
+79110891703
+79150002832
+420774551074
+79850356501
+79896138407
+79031123765
+79109406666
+79775180543
+79165168807
+79969046053
+79881680818, +79952055666
+79854388698
+79117210483
+79296686252
+79143405767
+79199315790
+79186011288
+79194266881
+79223566762
+79174525654
+79089147564
+79875341713
+79828243247
+79120840819
+79269653339
+79220584213
+79850690523
+79818148042
+79194877763
+79154031792
+79850062224
+79875850614
+79166471000
+79113360517
+79858172012
+79138382042
+79854715461
+79185109029
+79142125130 Артем, 89990858213 Кристина, +79938970403 акутал общ тг
+79196263339
+79535021541
+79111610819
+79080462886
+79112385116
+79899571508
+79167338953
+79858061455
+79886155876
+79850323535
+79119536351
+79826201208
+79139899507
+79100900902
+79160930230
+79051093730
+79154300727
+79530397888
+79180022258
+79255170877
+79196666641
+79884716067
+79159613833
+79118934695
+79111613792
+79032571590
+79090232839
+79111407866
+79824672336
+79083350185
+79226185895
+79112154194
+79172600144
+79961295747
+79136091573
+79156363163
+79787365538
+79129400102
+79374891650
+79131780115
+79109901375
+79068680441, 79322225408
+79522492316
+79894687646
+79150072446
+79832664155
+79601779819
+79154187222
+79876852501
+79253165742
+79115538007
+79296231684
+79163256029
+79243045894
+79180333433
+79313837251
+79267564324
+79150177017
+79175007677
+79178769542
+79028826534
+79807233143
+79850629966
+79854444424
+79191953849
+79274130608
+79030534230
+79199699116
+79158201884
+79161349099
+79186104999, 89897537959
+79851073033
+79123383548
+79119806162
+79151582963
+79892412341
+79162922065
+79137483022
+79831015454
+79886047770
+79187355104
+79144310123
+79067283290
+79119414460
+79146358699
+79148380758
+79163240275
+79103843828
+79173322208
+79037086498
+79158330242
+79037680552
+79867219551
+79829090847
+79124796260
+79870991111
+79689173712
+79878275082
+79111471717
+79647630999
+79168358043
+79637504302
+79811503144
+79150365659, +79175625540
+79188676414
+79134562159
+79176550644
+79158756545
+79144521292
+79969619093
+79152523597
+79177354543
+79055017171
+79850438149
+79220282494
+79856210008
+79268252334
+79852500390
+79160584393
+79140144824
+79119511732
+79126716748
+79835347411
+79283430144
+79193037222
+79683999335
+79119391588
+79185526951
+79283117515
+79104254343
+79892693550
+79054526215
+79182696569
+79889330505
+79630899008
+79508256591
+79123123482
+79885785887
+79872052463
+79182038821
+79122192323
+79823623987
+79835826561
+79279429899
+79172298618
+79187577797
+79604877482
+79225092187
+79096617888
+79886159328
+79176768050
+79169274204
+79183913475
+79164162433
+79188758663
+79874893642
+79120314560
+79187078164
+79157960848
+79528608986
+79614841580
+79190366057
+79153673009
+79024427457
+79842730377
+79117067054
+79117354408
+79024044327
+79092483099
+79858973703
+79152362676
+79166399988
+79166187115
+79188345599
+79829011013
+79045155802
+79829372888
+79805386308
+79168496986
+79067494949
+79150144974
+79151981753
+79104697470
+79127697976
+79199348743
+79814372535
+79145681001
+79183472727
+79173831982
+79113998292
+79323292981
+79636573963
+79203500390
+79193037115
+79826515681
+79293763834
+79162098756
+79850113514
+79881581536
+79122542041
+79055009617
+79094597724
+79872727566
+79889937234
+79086759696
+79128751258
+79819661856
+79126846627
+79175409203
+79204826003
+79124127252
+79039861383
+79055380410
+79137880905
+79872336341
+79600502743
+79883433653
+79803417975
+79105184490
+79195338651
+79159483076
+79135208454
+79038184574
+79303301808
+79104776772
+79807320880
+79110806170
+79233541327
+79266926506
+79056962883
+79388907988
+79897053918
+79829302777