9857467730
9273430017
9647846945
9777015257
9030388950
9269853335
9509202007
9134940698
9256757523
9223556262
9280099640
9856322171
9384389738
9819807597
9254129750
9951287878
9671208544
9169302598
9917068195
9374334477
9646344044
9289563506
9161445684
9274158768
9200003550
9099618200
9261997622
9313699001
9522727498
9016300100
9130622391
9081064202
9386910774
9262166097
9775761362
9775761362
9112634333
9375895058
9636167861
9086364145
9105486573
9377292609
9031268666
9624731170
9088058377
9370604064
9503101215
9854658494
9262805181
9874137477
9046707730
9996979544
9167333820
9022500444
9886004811
9139896142
9613992097
9501408435
9261070597
9261070597
9120438507
9048221390
9269894351
9037696869
9045111828
9181147488
9237379774
9275700017
9161919455
9161919455
9030083838
9203525395
9256239192
9150160767
9049054616
9041789852
9097721712
9119323938
9119323938
9254919208
9032404542
9911502074
9112421525
9164339613
9872281443
9096108670
9177340623
9256990039
9525366865
9279309355
9169316680
9161919455
9137459297
9158721554
9611126896
9279272880
9037760297
9648695637
9961310702
9064606602
9104421125
9107898364
9262030498
9951198914
9284326481
9151689789
9689615590
9646268111
9269248056
9999811223
9274450745
9168824106
9685242357
9173333744
9506456557
9998776041
9269749489
9031004468
9852113808
9852113808
9852113808
9997191261
9997191261
9219791275
9104373528
9803442837
9803442837
9788429239
9876355308
9013433490
9672985509
9296044111
9685309293
9039395050
9280324294
9258041304
9024437548
9163374449
9161961155
9650190050
9086686337
9250555822
9219491966
9274450745
9147722300
9397909284
9147893599
9152659618
9179920454
9099867165
9313910077
9198393987
9886004811
9525366865
9624731170
9265310274
9036254245
9034022690
9295618180
9850160998
9105175496
9870086031
9177658091
9168336121
9144888303
9250578455
9520624353
9520979829
9312369883
9998836996
9147983656
9175551026
9826524602
9313935135
9100060489
9634418521
9112719387
9653162783
9133299684
9189103074
9964150975
9215123660
9168336121
9221475611
9265835856
9152004713
9115082824
9115611115
9296378437
9663372242
9065221189
9251201000
9037283935
9370266882
297165588
9672251441
9964150975
9080857020
9206808224
9002518108
9297777488
9162370702
9961051499
9992041050
9260397024
9290910679
9185000010
9139177176
9772634095
9274488880
9282382900
9063181914
9216300919
9182711144
9858957775
9954151900
9250805577
9174113577
9153711317
758466824
9535023147
9254517127
9255858369
9142065819
9375256589
9169771657
9173923520
9313346853
9043450487
9290910679
9256333969
9031307677
9263876482
9045988535
9039605860
9061956797
9626995239
958687
9859937199
9950116654
9870704949
9176189382
9385279747
9269300560
9506203327
9223337137
9181253956
9046732888
9968888796
9104444705
9266353333
9054337373
9527272754
9265320233
9269268448
9859068059
9262544983
9990857970
9875820972
9260340890
9044797059
9629879297
9096969880
9050590240
9216543916
9264583014
9273621006
9260838734
9153879519
9223414489
9144179317
9654632568
9206265903
9992507751
9036259780
9166768819
9958853321
9955022050
9151469569
9502103003
9160592930
9881896537
9320969606
9062566203
9652055112
9611253235
9851328552
9507069016
9193489236
9165184519
9055372435
9523555557
9107471915
9209999003
9666004727
9045847022
9213694936
89615335908
9175544778
9656844767
9992031206
9603579113
9261680077
9139353191
9629225288
9259975044
9787470272
9999606914
9609190357
9222952286
9168445786
9013859105
9188079960
9296676385
9379997775
9510729939
9528500570
9055353525
9629696896
9068537606
9967085514
9771772892
9026877609
9380200103
9969634503
9013859105
9614601024
9091602541
9264045553
9055532167
9270755444
9131363088
9213061465
9185501050
9206522020
9214127474
9215990549
903202559
9827748717
9824666991
9303593848
9585848196
9262506000
9002640200
9200107661
9272262085
9776276044
9131363088
9242463072
9372801963
9253775298
9265556666
9779617677
9283773355
9245143881
9181682836
9773321486
9017420304
9164175730
9228297109
9090233100
9052739666
9034000707
9158227295
9061240123
9006001604
9857724843
9251620738
9280355523
9647480801
9779617677
9134985577
9883673346
9917739391
558989589
9308789909
9991842016
9090037027
9605085395
9376633919
9917068195
9063287716
9260792164
9872200197
9050095919
9265606838
9822332197
9859901311
9106214351
9528504419
9261412545
9858225795
9262109698
9775950809
9677799775
9158407786
9777662232
9122548910
9631508558
9113515940
9200330311
9032210220
9167176942
9964848605
9508622272
9991704616
786811368
9266353333
9224707742
9202512050
9256270907
9283773355
9266912169
9119081761
9690495763
9189822200
9057839816
9067875945
9269310038
9173555536
9602549073
9250339613
9174324388
9686229838
9168834555
9266025823
9854639556
9278110777
9064313907
9616676807
9153750355
9522352408
9306915555
9260311731
9213579103
9151469569
9162651011
9114449552
9315086497
9112634333
9192334015
9163049322
9116331006
9263465393
9164780819
9099899743
9609223816
9615108111
9198067726
9821627000
9104826863
9262906674
9241650729
9965026788
9826404079
9041030888
9527111715
9201799293
9537195912
9202223111
9168042551
9179327507
9081940696
9130554331
293897443
9652862363
9259073947
9000321433
9264462099
9030514125
9050050568
9263385095
9852243924
9091440700
9263070731
9681019306
9141833778
9895314176
9301058148
9872130765
9258600606
9196405665
9306790769
9061469389
9061469389
9170000540
9888514348
9889919111
9684163003
9088656122
9663042873
9267043689
9049802751
9253178960
9002620312
9624859797
89637121051
9996962323
9055662231
9517876333
9774394628
9171962777
9221864225
9179960353
9529227533
9174363926
9179370940
9520871795
9889993857
9112926163
9269846790
9264954090
9165387865
9637553559
9165887444
9917232898
9654407776
9654407776
9965026788
9216316480
9269853335
9919666181
9691888188
9615951085
9218526033
9237455155
9624403652
9657971400
9996962323
9269090690
9854374239
9953106987
9067927363
9613373311
9656242676
9152341515
9295700903
9219843884
9854698581
9627296738
9232579509
9261695189
9854179927
9134562159
9684186944
9651488250
9081045341
9122856809
9510876627
9379816787
9851252806
9623609907
9262742459
9295999353
9370604064
9624221890
9871179218
9961231207
9885650259
9379371520
9629932110
9095870977
9217829590
9615179733
9202989828
9383000831
9656001200
9656001200
9250409017
9232438082
9268968158
9687517575
9685350693
9036145377
9834521216
9164441326
9129888005
9940106393
9817225402
9258514043
9823450489
9242294096
9672072866
9651427676
9773104496
9958858089
9923087568
9923087568
9165226942
9969488577
9281801060
9253901207
9529541688
9094337749
9267241700
9501435565
9110984201
9811455159
9250263340
9275396898
9894818484
9667569215
9163836303
9185301996
9220202296
9265321697
9819342124
9867426605
9852588085
9826420624
9212336977
9815081718
9775761362
9263620709
9638957888
9016991131
9652122333
9067846888
9037168316
9823602200
9126106375
9210967750
9060090050
9175433661
9036882608
9520314275
9609905296
9778688193
9265883681
9181109888
9120175469
9889172453
9005899708
9998188122
9175656666
9788220813
9151729831
9272196972
9107471915
9819467642
9258650449
9164049958
9295908294
9099842959
9185522132
9266288219
9992330004
9631511286
9261533698
9169302598
9097721712
9023668898
9588370354
9101020948
9253459948
9161421164
9286560903
9000940740
9055139607
9523900123
9524010920
9536407127
9129346041
9246108115
9376316060
9269404241
9257236502
9647480801
9112675830
9261943038
9037119811
9991572261
9829302777
9122872667
9513972132
9251498711
9274488880
9303593848
9168183222
9255304696
9154069020
9312550093
9650954545
9896340774
9819865223
9155434392
9996095658
9158034932
9031672373
9326166515
9851193923
9159933057
9857224886
9772889898
9136428398
9177791551
9778374262
9060090050
9176647559
9621589046
9187015290
9611126896
9911502074
9858685215
9035307493
9066081148
9175798025
9805123440
9684236964
9826762825
9085082589
9600642641
9170324777
9788429239
9624731170
9653382522
9260771344
9037760297
9112634333
9046732888
9279272880
9284635568
9166315233
9685802289
9049054616
9998571997
9269894351
9892139214
9061463844
9162580018
9523233460
9152009959
9284326481
9633180888
9031604141
9852261553
9647777661
9103228755
9107318996
9850160998
9262817370
9283999948
9195829759
9045111828
9885366004
9313346379
9282382900
9654205984
9223337137
9159067477
9264055019
9054755905
9032124422
9272455112
9636699991
9257021000
9086456868
9200143275
9381553262
9131775377
9815003467
9192377345
9160420319
9190022775
9062571100
9523929205
9658846772
9243612158
9262422828
9661209613
9197665395
9299382231
9614225777
9998462418
9160765687
9153673439
9262972015
9165828610
9031765575
9660300262
9219888184
9645578256
9215086008
9684836744
9266565419
9039616029
9055780648
9308933396
9506203327
9052040771
9163881222
9036323845
9173435265
9175418407
9999049493
9787855761
9684113111
9514642367
9221693516
9137459297
9634043268
9176189382
9191007731
9067061457
9680290509
9872912721
9169771657
9200457001
9215582103
9054492858
9781631584
9115039128
9290910679
9193330550
9587568087
9969695967
9853688629
9184170279
9114505557
9175099702
9133731112
9122020778
9673419668
9807738373
9663042873
9055697861
9053897007
9690495763
9269268448
507460050
9680444481
9275108886
9016914142
9161993338
9134990220
9096344688
9099300093
9251483514
9851328552
9196658533
9952055666
9964556929
9871954135
9262972015
9037210217
9934982965
9177183966
9680284019
9030601992
9267878999
9788114862
9081064202
9024899383
9683354796
9012862284
9383000831
9309297884
9169771657
9186840694
9045410788
9629367139
9265905715
9085633218
9041050362
9206108509
9222058603
9126144864
9619581488
9096108670
9688836666
9181980854
9660300262
9118029547
9159720012
9200050096
9037135673
9031307677
9536723019
9608823222
9035866825
9168689855
9039536435
9263775940
9151001525
9149120602
9250951098
9152579444
9086456868
87029103569
9031994141
9168336121
9187101555
9298497654
9298497654
9197778266
9055214949
9154345900
9203378626
9184168379
9151395184
9992507576
9038444727
9264109413
9880882171
9639033777
9897074698
9053897007
9995271928
9383000831
9824681882
9772649798
9206028679
9871250173
9130909127
9502166711
9184170279
9501011634
9283773355
9036213145
9811006313
9202501065
9109862155
9367777986
9106082586
9096801966
9194549324
9651653131
9377402223
9081323678
9782647784
9119081761
9135659163
9181056311
9181056311
9951209990
9964556929
9378775797
297703477
9117774339
9688413817
9196700010
9376633919
9203378626
9381553262
9859768751
9629001093
9101202431
9309297884
5076891425
9181056311
9184402728
9225325859
9992075648
9890070009
9890070009
9898933667
9037560044
9035488722
9250339613
9273788955
9035307493
9108143337
9533336012
9055029111
9051294073
9144521292
9537019010
9199407998
9149039855
9991137772
9024437548
9036254245
9031112225
9228583111
9154102474
9287669498
9822807820
9176948081
9026471586
9165895870
9016914142
9112849318
9685350693
9372801963
9060900866
9055432345
9295202035
9375415073
9211891048
9134516858
9771705333
9858754711
9773941090
9231057055
9151898888
9857225771
9853120829
9672251441
9102744884
9278110777
9099111627
9267084868
9124652900
9173333744
9231345448
9168297283
9054818055
9134985577
9000321433
9248159695
9231345448
9272333622
9526605961
9601511455
9253770369
9183404421
9131363088
9126106375
9992225481
9822852350
23781975
9132136539
9774969731
9203630003
9991697035
9109946004
9281252240
9069492687
9111663668
9172628813
9954173558
9046901447
9771013456
9241650729
9607211000
9854903100
9038758819
9154549794
9149120602
9516717178
9037790409
9188630817
9251019876
9199991928
9261533698
9636354569
9265323257
9214315181
9992147608
9222378008
9788424213
9261378987
9652591440
9680444481
555160399
9775950809
9139548486
9264784606
9220181836
9119272567
9150710964
9656069241
9046133615
9041030888
9851640407
9066871369
9857677676
9161421164
9175024342
9167777971
9871588937
9192155773
9054224023
9099788299
9644938904
9629850018
9778494880
9263097227
9108071967
9037135673
9132043868
9958862842
9258287600
9153761870
89851212315
9111324280
9111479247
9251019876
9057656199
9264954090
9875287700
9108112811
9771013456
9267038709
9858722611
9857108714
9625016386
9997197220
9801805094
9264652836
9001977716
9872239178
9858650152
9824007379
9154345099
9627211807
9002620312
9154340676
9687499978
9055662231
9298492203
9536545159
9957900095
9957900095
9933570839
9081787482
9170669102
9043044218
9372495329
9269404241
9881584427
9298224694
9159993701
9243028246
9218526033
9520606887
9043005636
9992178050
9854694599
9110329726
9519165563
9139163428
9162487422
9277658111
9376145040
9252749647
9015931689
9180895657
9825207054
9859574408
9649234444
9852103368
9180986017
9852341451
9774969731
9056862415
9258706454
9082022856
9154833666
9923075518
9958858089
9267084868
293000010
9652277355
9122856809
9158471237
9250361101
9023668898
9289456431
9852103368
9624134401
595124919
9267084868
9183360124
9085648888
9085648888
9291059495
9252094440
9061713666
9037124229
9064002223
9870718994
9202777760
9897850770
9507660119
9160836644
9269518386
9272009293
9100983157
9250180206
9115823051
9628961322
9168131585
9994022187
9293205710
9263273566
9899349508
9681174173
9670364564
9110196519
9867097386
89384358042
9384095762
9252094440
9110322769
9279309355
9534308676
9992178050
9780582012
9648695637
9263375576
9151001525
9851514677
9037680552
9624859797
9374334477
9917068195
9143717303
9313691463
9994022187
9182068484
9299712429
9220202296
9163933466
9613264230
9788220813
9262166097
9158941322
9261510333
9339998884
9313346853
9280708930
9034792228
9651427676
9624493056
9200107661
9953010082
9104444705
9269313881
9290888606
9618558499
9181823924
9269863070
4951294501
9203909585
9622036806
9051996922
9283308009
9803050047
9258716461
9805016902
9393823616
9119171217
9161129830
9858239636
9034544453
9631159150
9180707918
9042365697
9262422828
9519165563
9533758330
9955921732
9169572514
9136452326
9821906040
9852555559
9271164219
9237455155
9136452326
9650818797
9911502074
9169447448
9165316663
9208361115
9957924864
9264060080
9260977070
9691185575
9282453969
9637569032
9996386929
9115082824
9773211433
9960200013
9963310991
9636942694
9160448081
9267084868
9957386731
9652971717
9778374262
9582635647
9855195933
9223556262
9060444884
9262101220
9275700017
9167050570
9672516171
9778003333
9164096699
9122089274
9164598327
9781017971
9852229099
9203409773
9136891803
9856442719
9043201427
9264130367
9258600606
9917619842
9142401140
9850354888
9173555536
9218845116
9855092908
9788429239
9154069020
9857043366
9687517575
9226152552
9122256126
9171648364
9651909207
9183618003
9221051553
9279272880
9090712601
9257021000
9651653131
9112634333
9639234376
9090011105
9165226942
9600361582
9266068439
9649579080
9995188454
89162000121
9126400053
9520314275
9032124422
9047659736
9809368300
9051569226
9514503964
9255418734
9025245536
9666666959
9263169214
9531441638
9037760297
9652785151
9201064027
9265556666
9923314720
9920208685
9165184519
9993667000
9067667774
502022870
9636668334
9258046406
9992020800
9828242040
9651225665
9277466602
9388880911
9134227717
9873034708
9004795497
9102442497
9168740737
9629767986
9615677681
9371738305
9200107661
9267127047
9220790299
9525366865
9110232030
9201064027
9185522132
9850160998
9186300037
9619539501
9158471237
9263928197
9268307877
9067428402
9523929205
9522446145
9183002484
89113557098
9851663505
9091681999
9875421727
9222952286
9536449877
9250648792
9105276986
9176189382
9381310941
9063235713
9203525395
9039395050
9115586307
9193884728
9152634276
9081215918
9037201856
9226683078
9188922300
9191007731
9048070022
9150689820
9096363297
9269075765
9169303340
9539455907
9081515351
9814595264
9299382231
9645160193
9620514512
9134649960
9269894351
9992329693
9150115963
9104905952
9055344605
9119029888
9609241072
9677431214
9226533573
9170174953
9622260086
9272306912
9214236499
9640115454
9263642678
9190531721
9167065739
9293144845
9133769977
9175888391
9851328552
9266477201
9297990209
9262233595
9374628080
9283942460
9154006571
9212336977
9385320827
598907430
9889101932
9661845720
9588196099
9260901666
9653555899
9129101496
9219536555
9254129750
9102468866
9131305424
9999811223
9853688629
9222237366
9096973322
9507294944
9268963253
9506350329
9381238643
9617669302
9775227803
9281801060
9281801060
9061713666
9150710964
9038887358
9163024355
9671401144
9602892112
9619539501
9138264765
9217904915
9991326651
9290910679
9260054716
9036882608
9851984813
9788410510
9501747423
9215284708
9829031240
9995219268
9530942538
9991622057
9037133535
9874879627
9600462307
9260610211
9278867096
9207333318
9637903666
9232353969
9108112811
9776098618
9135659163
9178037937
9049749151
9168635778
9150154077
9181930463
9646831501
9622654566
9619581488
9036181006
9897850770
9304082285
9522426854
9511071246
9151469569
9883001997
9885587175
9231857680
9687030007
9880610621
9109184320
9951538727
9261866747
9166043202
9788278131
9500494384
9277149612
9103512670
9176386730
9164673292
5465168498
9286364429
9588390770
9258113913
89036245269
9179111479
9383400061
9612654890
9260610211
9268480707
9965166569
9122479068
9193576555
9385061399
9283659956
9055162525
9057287371
9118431020
9787446954
9811035351
9663372242
9138080354
9277856171
9777049428
9645361919
9659981121
9615897414
9081064202
9096108670
9237165030
9954173558
9138264765
9153698377
9858164864
9995372961
9870958347
9299136406
9773079539
65818175
5358318030
9375700868
9809203333
9290858016
9283144569
9809197279
9036989883
9031280011
9283773355
9672251441
9180134662
9101327650
9158166382
9502071117
9685655888
9126070590
9186104999
9969512061
9290488910
9283547240
9154883522
9655381800
9244505804
9636699991
9634384759
9227271322
298477205
9298183943
9858883055
9857225771
9053407760
9199078813
9136891803
9122872667
9199991928
9263845120
9263459578
9162980607
9243694601
9042752420
9264483909
5416846936
9176948081
9263459578
9104735537
9320968069
9680177793
9858520917
9162024848
9110117272
9237069467
9104501238
9374477001
9186897707
9384036968
9315091906
9874095639
9531055563
9853004080
9645289398
9603817029
9213410214
9999948520
9031185188
9036254245
9962410560
9778970604
9037656691
9276592345
9263063481
9166770375
9039681568
9376633919
9538579356
9111471717
9061120270
9582005501
9123161817
9227773804
9094510350
9999870860
9096355502
9388886469
9199078813
9787779556
9653078831
9134649960
9654438333
9139202323
9885402391
9372254756
9774349833
9257263806
9018894341
9122333453
9175485621
9584088680
9645044049
9852712486
9034064766
9257254455
9881116521
9034250990
9859048814
9885028937
9778205800
9295700903
9811411291
9002620312
478608728
9127964244
9154442307
9649142695
9214434247
9243694601
9162851916
9295903478
9856136674
9154340676
9283547240
9269518386
9289456431
9997007671
9110288183
9292741267
9278762234
9169251812
9807738373
9137459297
9259604947
9259604947
9041030888
9062668252
9607211000
9096832211
9214434247
9778641417
9957863500
9263459578
9619539501
9634826868
9016914142
9065825995
9051058414
9115891399
9158452956
9659981121
9123718291
9028583583
9180872006
9994100320
9231960888
9122856809
9168565711
9825648412
9062567473
9250319003
9256239192
9110322769
9262324997
9165436616
9057535314
9104444705
9038893353
9088454444
9193877983
9266185010
9100983157
9191845056
9234369099
9687501114
9687501114
9254401226
9206997172
9250413567
9085901098
9148946453
9803662957
9140456355
9142235603
9191133102
9245428195
9631511286
9258046406
9911502074
503904105
9162580018
755088024
715417870
9097095191
9923075518
9277131082
9178469306
9220798799
9777089425
9166167580
9090883433
9104592826
9209432542
9263900907
9817125119
9177489935
9958858089
9263375576
9254789400
9165979286
9197670775
9250706252
9829389202
9114856385
9236970371
9236666970
9142125130
9811531288
9112232133
9778205800
9033449555
9817125119
9384095762
9370880002
9960200013
9955921732
9257236502
9990857970
9227380992
9261636054
9031307677
9104373528
9037790409
9014645755
9014645755
9885850101
9170429109
9203746058
9237069467
9687499978
9999677191
9623007808
9250361101
9990251242
9215990549
9913475514
9658157093
9301731356
9127425586
9853465967
9853465967
9160115674
9175248727
9093132488
9850250101
5358318030
9339998884
9054492858
9051996922
9268968158
9370175825
9099532573
9164964662
9600463504
9670188540
9785584105
9131379762
9828001707
9226303213
9679084030
9634101105
9054875064
9504515956
9651427676
9877485414
9168840550
9256254329
9260102324
9067168804
9219920147
9262176760
9623587760
9657929777
9648695637
9063234360
9689615590
9111388487
9237455155
9200003550
9032124422
9167695077
9012790979
9785492712
9880817007
9324286484
9258230034
9254789400
9627628374
9995170787
9933507224
9657929777
9160115674
9042503009
9261838305
9184402728
9141385137
9624063461
9033449555
9104373528
9115823051
9778757507
9252602512
9067106017
9312002777
9519291104
9041133463
9282717711
9787344847
9676212121
9122521285
9234063317
9041359595
9226071777
9203412745
9191007731
9326166515
9122479520
9253389409
89131597294
9627296738
9046785664
9134985577
9875174303
17321987
5070772967
9998790464
9204290099
9088058377
9520314275
9164096699
9619539501
9181253956
9163874707
9516948487
9652915555
71118515
9183818605
9995297345
9500764477
9500764477
9134649960
9953059563
9371010804
9374107765
9626849734
9780582012
9121555888
9600583800
9510840419
9056150007
9013433490
9013433490
9169303340
9119555034
9152033630
9191189004
9222557516
9834057731
9265664815
9883587592
9035652233
9613305102
9850160998
9373557536
9321234923
9160119596
9254325183
9031850661
9299382231
9185522132
9884012575
9652916516
9620514512
9624859797
9063235713
9778872274
9199473612
9112634333
9241113667
9527272754
9279309355
9298387769
9855092908
9284107767
9959170062
9959170062
9164364386
9289099000
9851328552
9267635549
9158491996
9821325840
9534222270
9158256022
9509959799
9163836303
9210130364
9169287033
9081940696
9256662461
9858332420
9023957816
296148586
9045126531
9266626420
9525366865
9168838821
9630113967
9267872921
9502187797
9602549073
9867231012
9183936079
9032672449
9056406172
9107803401
9134801336
9626995239
9135324321
9612150121
9035249927
9263782842
9213611274
9524469677
9788238124
9781475303
9781475303
9181930463
9212336977
9265458970
9806886757
9035956395
9773490291
9875820972
9117452282
9150161022
9159364224
9116919266
9263248760
9646405782
9991622057
9037135673
9038184574
9058720203
9215568763
9134771328
9251424295
9637237313
9539689458
9090011105
9213475115
9203412100
9203412100
555992211
9992800293
9250805577
9160620837
9056328555
9277406745
9531212552
9266661337
9608884999
9608884999
9251547193
9202989828
9522142502
9189120773
9173923520
9997174121
9271196394
9333251500
9619581488
9951520215
9672113195
9108988764
9523929205
9155100605
89032079416
9110193324
9293022525
9139127869
9173424881
9035623870
9147722300
9872568357
9687848207
9644011675
9263704222
9889101932
9182897712
9057733344
9211000502
9116331006
9269248056
9262906674
9263248760
9250417970
9036328768
9167010327
9104735537
9513097354
475556926
9777794595
9850747564
9164285656
9028907948
9279840703
9252611886
9055697861
9049054616
9882438884
9217583198
9153728808
9222646411
9133769977
9260049527
9167523666
9322392637
9261414515
9857601896
9282892210
9119330949
9371677007
9270648714
9312522524
9134867413
9892906080
9168512347
9821104875
9175165581
9613979158
9613979158
9057359614
9774349833
9036181006
9612486162
9514487844
9282715049
9299136406
9213804625
9686302121
9958650210
9254514888
9374334477
9237165030
9213870474
9173555536
9166091110
9246643468
9214621902
9250476707
9851872277
9257263806
9136134537
9219294117
9992119028
9852065572
9637962676
9684094627
9160930135
297178657
9180219759
9320977953
9288028534
9852987207
9602962290
9082873303
9162024848
9166814934
9510876627
9068265527
9645044049
9963310991
9197670775
9524906864
9028120977
9289052293
9260804952
9584088680
9160836644
9264130310
9640189623
9139885710
9252339953
9834573133
9199343980
9176948081
9269102261
9990253449
9030033712
9200340601
9085761672
65818175
9378873538
9600635776
9623587760
9031042148
9858777088
9269102261
9371634370
9223375252
9063181914
9289418006
9283413262
9030514125
9030514125
9687082038
9099280441
9252098107
9104384905
9223223300
9216316480
9295700903
9157817637
9251115252
9082873303
9286113662
9037506998
9320977953
9773904941
9028091655
9178848700
9150710964
9175137019
9502187797
9961059104
9161969869
9037126916
9626995239
9370942360
9227999087
9301607008
89658962490
9688836666
9688836666
9688759422
9183455425
9101587959
9217583198
9217811727
293483555
9646393964
9690878781
9690878781
9680095312
9639905544
9213460809
9778205800
9629367139
9191133102
9288144128
9142566010
9788244099
9538626335
9057724049
9043603252
9165451992
9183455425
9115586307
9039605860
9309554025
9268476976
9081064202
9035112212
9911502074
9168336121
9196286564
9032226767
9647115019
9634826868
89641811555
9128856516
25525225
9224750105
9266470896
9372254756
9614894699
9502840354
9534297687
9254835588
9536476728
9536476728
598907430
9261507327
9200188883
9778590979
9036346462
9689792936
9274488880
9035307493
9106808543
9650711001
9177364786
9276500338
9263900907
9113699886
9278110777
9918371451
9031004468
9213051500
9138080354
9054477070
9284326481
9684186944
9651688473
9247022330
9243181643
9136113731
9082873303
9151469569
9104444705
9163199185
9851144065
9655811115
9638957888
9384036968
9313167366
9955921732
9140456355
9266164606
9292478191
9292109211
9511778511
9122856809
9671401144
87533430
445516399
715417870
9180074065
9841047756
9025550500
9679136706
9036254245
9131901185
9891243226
9998991997
9031226708
9933552701
9958988458
9186792929
9527272885
9960200013
9525366865
9081045341
9086686337
9036882608
9854176389
9779581081
9503101215
9855050737
9217696896
9296468009
9139774656
9198573299
9250578455
9856211089
9265477177
9612331142
9185361229
9218008309
9817125119
9164004898
9841047756
9231424076
9773904941
9118501049
9099207995
9046400287
9148855910
9228434777
9162580018
9260974379
9258033144
9957936969
9041030888
9506434473
9030033712
9139131361
9104373528
9851193923
9264786478
9150447599
9624403652
9053236071
9631511286
9999761453
9999075798
9172186738
9283112884
9996721392
9255287517
9638045327
9787925340
9853055012
9160365498
9265536468
9307131974
9155886331
9654904641
9206787890
9233414801
9233414801
9102101498
9139548921
9126106375
9885021378
9203412745
9119272567
9630780179
9855046610
9017505120
9894405742
401612689
9110173639
9219372708
9622594862
9099747070
9159933057
9180900005
9002620312
9175433661
9299617277
9539689458
9162802677
9854175259
9996732745
9661845720
9157355151
9034544453
9650190050
9851196696
9137459297
9035723489
9274539618
9032124422
9195507610
9964327475
9961009484
9127593609
9817375363
9647918485
9298039000
9058942435
9061713666
9261838305
9260656761
9685670598
9777206286
9237455155
9920062226
9913475514
9261639595
9004795885
9672636397
9855558671
9203746058
9250250356
9219179894
9017066939
9965375872
9628329315
9032758333
9175600714
9137487933
9032226767
9112413116
9884057525
9687501114
9850250101
9683739757
9140665518
9023176513
9889919111
9276592345
9046796705
9680073265
9263002094
9169699327
9615677681
9507660119
9315954291
9204445844
9057273409
9013433490
9224810091
9057628394
9104298182
9165109933
9998298059
9278092415
9094951828
9193330550
9788155511
9990675333
9100047266
9898191035
9898191035
9152007909
9371522213
9030095183
9874820138
9296162944
9284093610
9787414862
9067801982
9218633752
9168002333
9170324777
9521224322
9780582012
9055214949
9283985534
9990024766
9386910774
9144220225
9096969880
9134990220
9254447703
9260605809
9852830912
9096969880
9053230068
9132971012
9066058338
9300350985
9958858089
9044602543
9959170062
9062671207
9268968158
9159067477
9159067477
9250361101
9141385137
9615891944
9168824106
9851328552
9184411121
9034959659
9630466044
9659981121
9841461988
9257648736
9333338650
9143067640
9651427676
9257926492
9186419226
9852651304
9607973213
9147554970
9136008585
9773441396
9672251441
9624063461
9193223788
9523902527
9267872921
9263357204
9267084868
9267084868
9067129248
9852254158
9852254158
9268939033
9968925294
9877335314
9103917091
9057733344
9134985577
9049910244
9265561181
9252902894
9629957190
9996228600
9950116654
9096322322
9648695637
9037790409
9778667250
9270055667
9268307877
9187101555
9193338031
9156841750
9825654648
9260610211
9619581488
9122127197
9030083838
9855169951
9085070525
555992211
9178002698
9266346801
9045155802
9045126531
9269894351
9651562788
9211891048
9258243220
9854175259
9852065572
9307222255
9147722300
9152004713
9122456950
9157982045
9253115405
9266565419
9872946258
9852987207
9136134537
9686302121
9260838734
9625879018
9181056311
9514612945
9898015583
9308808058
9778997237
9166246963
9374477001
9254993827
9172779920
9500309886
9202989828
9850262350
9625990277
9173424881
9684094627
9815009032
9530991020
9106665258
9859615280
9043904807
9112152077
9028337421
9187822191
9184402728
9144450096
9874446621
9285666600
9512033933
9787105597
9149748544
9785707304
9638722441
9029636579
9112634333
9375415073
9885587175
9856206319
9055338305
9221864225
9289052293
9159720012
9159720012
9216316480
9854104777
9100848803
9202989828
9165401955
9779859114
9095008469
9885617097
9915238088
9378823444
9853055012
9170429109
9896167520
9135186186
9629001093
9653197355
9191189004
9048001242
9104735537
9152732020
9176948081
9169695848
9222024765
9160587547
9629921497
9266353333
9253205390
9204143801
9867193353
9276792935
9172957076
9255222033
9200502544
9538857050
9144675872
9267084868
9534306498
9295700903
9206522020
9220181836
9959277259
9199127487
9629346575
9149532695
9630780179
9105163085
9600962474
9265323257
9964416093
9297252080
9176102807
9120840819
9253269948
9114640050
9787466768
9062054288
9166047464
9146378733
9261001873
9039605860
9082080540
9150710964
9281250960
9503519539
9064313907
9118501049
9118501049
9102279831
9614586682
9771154898
9299716551
9191133102
9161551100
9200137856
9511071246
9913057280
9895000070
9138458822
9154079490
9213475115
9227967297
9502112230
9641539929
9997902348
9672515939
9036872299
9163836303
9271266250
9037362295
9221088327
478608728
785444773
9811531288
9166823173
9315407448
9200003550
9608225905
9035956395
9788135935
9016991131
9246813568
9313346853
9025635640
9235995666
9818219981
9170324777
9054492858
9630780179
9115082824
9623609907
9289418006
9855050737
9200003550
9279309355
9162695892
9169763317
9811997667
9288032033
9787927750
9031303516
9162926675
9508410040
9180750905
9284867939
9817379822
9998790464
9241650729
9222308157
9110288183
9034000707
9206607844
9037769911
9654205984
9158471237
9014618536
9104444705
9122856809
9376633919
9263248760
9236157717
9055246011
9150118444
9872568357
9081064202
9679136706
9186389455
9141110068
9280086969
9104373528
9621434961
9200403273
9119230808
9057321006
9146635965
9629570203
9500652525
9278110777
9823672210
9259457650
9156130502
9096403558
9265458970
9160420319
9652845493
9647115019
9026047128
9287160556
9166823173
9124445037
9221210429
9507214045
9261996076
9102999525
9771661497
9169730333
9166603076
9919009279
9259019027
9851193923
9856680838
9041030888
9960200013
9691157799
9233537209
9517511096
9172203608
9194021365
9107361212
9231472188
9615343522
9814372535
9619460102
9874171176
9067061457
9663227973
9998298626
9911502074
9605289612
9091043984
9096363297
9263273566
9109515842
9963421926
9265296245
9088070133
9263325868
9993788553
9131961377
9279272880
9137459297
9175433661
9127294800
9285483400
9153407164
9634043268
9184480559
9641363311
9261992821
9036855303
9604918077
9037119811
9263325868
9850351400
9215508113
9032124422
9274450745
9153790144
9647993339
9818846409
9538864377
9112045252
9307149638
9265458970
9370687771
9067395714
9326028932
9644644100
9526657525
9182710501
9185555073
9788147341
9021918991
9867375822
9165828610
9961278096
9034000707
9867193353
9881662043
9267084868
9857675374
73265230
9289563506
9089709290
9036882608
9119164754
9055214949
9055780648
9260905957
9819159205
9029667370
9128753188
9273910042
9036181006
9023957816
9267045523
9307070744
9203250355
9851328552
9169303340
9237069467
11101113
918463740
9257968353
9636864846
9528024206
9250238009
9836270787
50470707
9850623448
9267346090
9092497714
9040410333
9262168139
9161179494
9189999095
9991622057
478715807
9119258928
9811702435
9685655888
9673419668
9374748452
9148999554
9085780465
9235127999
9165553170
9959170062
9159117062
9778205800
9002620312
9227735467
9263248760
9272333622
9184402728
9613493777
9612224812
9889919111
9134649960
9780582012
9111080900
9955018610
9180458302
9153994130
9106665258
9104016610
9204445844
9141826349
9067667774
9112849318
9122872667
9656265182
9206336040
9055055617
9199749697
9172765500
9036242587
9250079007
9131961377
9689272265
9102416600
9854446486
9512577536
9779110776
9053410965
9637820220
9262731865
9646485486
9380798132
9629957190
9278818659
9172186738
9261533698
9164096699
9672251441
9161421164
9174371192
9085402711
9026960373
9661922787
9991950971
9834550857
9283732787
9049749151
9267572336
9003906163
9646444786
9047754755
9213828786
9044764496
9232042749
9852857775
9955022050
9999718974
9651427676
9096108670
9685828078
9067973131
9151689789
9155264117
292564334
9153579880
9206616933
9252632576
9833505739
9101202431
9261185050
9619581488
9652787557
9034959659
9157718812
9588370354
9055432345
9265883681
9383533003
9997131330
9636151102
9833164316
9195088275
9628882076
9255313199
9201276468
9150244333
9629225288
9122599288
9266353333
9373638040
9164563618
9299562872
9211891048
9852065572
9215612626
9166024532
9192882740
9307222255
9616675757
9184411121
9115532880
9996095658
9511591001
9600227766
9289259802
9168689855
9684163003
9268968158
662275378
9505400321
9250361101
9255631439
9158862213
9853486031
9606188753
9917933231
9035738786
9262659847
9285666600
9059109010
9045126531
9897850770
9115617265
9502187797
9160587547
9859809976
9874446621
9270343588
9648695637
9608884999
9600302040
9374294455
9680290509
9264902975
9057535314
9857225771
9162580018
9178565565
9851193923
9915238088
9289456431
9536886978
9111315957
9819314801
9019502680
9200656374
9282289329
9255079511
9600462307
9014251435
9250604247
9272446771
9168002333
9209207788
9819562516
9913647876
9686302121
9226612984
9647115019
9162851916
9094853406
9377880809
9511418636
5070772967
9285666600
9817225402
9501435565
9296487502
9894655522
9167123048
9258243220
9110901290
9295321005
9277712392
9255079511
9108112811
9299778211
9265300745
9014251435
9663772706
9050222388
9501538286
9532687752
9251112283
9101059990
9377909937
9284006066
9852226949
9258287600
9919704997
9518744587
9084884946
9262855267
9646644644
9056357500
9309822482
9933593449
9163532390
9039609639
9505130376
9283478639
9502263777
9169612876
9290082661
9013670416
9219552266
9168002333
9032205332
9024437548
905319896942
9119728945
9600635636
9165665377
9254197779
9215740547
9138592945
9649346206
9287748555
9618378732
9262081711
9998584865
9107214784
9627657239
9858692869
9267007776
9825182003
9787811128
9996012411
9069715626
9256201102
9032470503
9262189130
9214420621
9261645096
9035289570
9183004084
9854374239
9083009999
9095338899
9190715505
9507927998
9997220500
9825675000
9273601153
905056846914
9033408908
9539221523
9999268048
9659436135
9002600500
9913692205
9851425572
9674414001
9290217707
995599092168
9832471537
9217670932
9280323003
9788669603
9043851352
9658797833
9653150421
9032310618
9967312808
9153806127
9649346206
9191133102
9951198914
9999000107
9219483148
9115082824
9116991625
9262855267
9261533698
9150710964
9299170803
9037263572
9615320781
9879052135
9093132488
9964141930
9191298144
9165639028
9883478686
9220009699
9297588881
9519788136
9252997713
9295970072
9516661929
9282653065
9204185841
9168090336
9500089801
9147569695
9165778577
9082477291
9999718833
9297987711
9005053903
9051284464
9002134619
9684186944
9161945520
9818219981
9030514125
9094009922
9261619402
9623007808
9263248760
9086023249
9175346774
9372047035
9298123492
9663372242
9685655888
9313351242
9101797999
9933636000
9191246200
9265761646
9278110777
9788703420
9055961279
9151811241
9999989413
9268816465
9054827055
9803335455
9600715104
9172562452
9303545728
9139269899
9630444442
9057214082
9628117191
9997915417
9996940446
9773275834
9916352523
9938891448
9274480490
9261933513
9035909929
9281886570
9211253139
9952516828
9139870878
9061401444
9273908984
9269313881
9776117067
9033555534
9876958933
9127294800
9266288219
996508711911
9525366865
9138080354
9187737615
9825394599
9607041107
9083144977
9670763841
9814545520
9164290207
9997652700
9990783688
9994758454
9506436511
9858529794
9015109416
9067211081
9827027682
9653141122
9968535306
9371649610
9206345481
9259919186
9817650469
9030043507
9141921876
9101327650
9063217779
9158252535
9269307872
91526641
9859609605
9676733889
9996305032
9614894699
9956260933
9256814848
9999728625
9258935815
9252566726
905340778478
9174038152
9263116906
9056082211
9636327211
9516433261
9162903734
9042576752
9257720995
9165348300
9082477291
9967791527
9657858232
9262950675
9776078384
9272314387
9113127309
9237165030
9095008469
9122856809
9161466115
9775761362
9376633919
9672636397
9998790464
9160802102
9227147407
96521261
9823212349
9063967477
9257546513
9219512023
9606604111
9264130367
9379340099
9609487393
9145547035
9851369153
9152545240
9657706130
9525366865
9771812363
9519967810
9169730333
9264570807
9787548172
9265750454
9775875760
9019019550
9892857870
9581117361
9529110859
9153358843
9775778769
9834564317
9182429582
9825939893
9045182352
9112774591
9090331313
9036061221
9654135463
9162954620
9250355164
9022011163
9920257061
9057354987
9859237010
9304113777
9823480888
9776558713
9171933665
9113485702
9624027204
9055211656
9519967810
9096973322
9274488880
9093105954
9126953677
9996729233
9320977953
9227147407
9170324777
9063391474
9139201417
9999002793
9057133433
9685155666
9110984201
9290029770
9275379088
9154996030
9600304777
9821082934
9168313321
9602649069
9646856766
9120389864
9063720222
9025646725
9516659337
9196868809
9956269854
9628939999
9959048233
9800793348
9994848848
9168218848
9300115052
9663013637
9164751230
9279877660
9680161114
9250616967
9990960393
9268928868
9778365226
9266068439
9064152323
9193582321
9084903544
9285333919
9815009032
9037119811
9998900385
9992143134
9852585380
9217332550
9237146580
9817613722
9250335243
9150111404
9216660059
9120836644
9647304791
9817488968
9255559050
9062196808
9194728232
9161620206
9776136108
9112837889
9645610005
9817792395
9109824428
9058622263
9374240958
9647993339
91522577
9803540910
9817180705
9162024848
7087533430
9636555664
9218825788
91348317
9647223939
9674530453
9780036270
9063967477
9264786478
9379700190
9889919111
9652398993
9165828610
9637778839
9046650908
9671295383
9273638929
9158118072
9778527322
9998255417
9969660557
9100000234
9246552011
9832905048
9512950589
9774966714
9189234021
9055645028
9109039108
9276062676
9211821093
9930304659
9277397421
9054062370
9104487515
9080609138
9633725690
9683670009
9193531716
9154578016
9375225513
9785101195
9852406474
9527281480
9154557894
9139150108
37369266694
9264449087
9039357899
9894763562
9510993131
9875820972
9203746058
9262345274
9152004713
9261069754
9261069754
9127242602
9990251242
9923191501
9857748118
9099654155
9149444261
9039608479
9507288195
9192434329
9656334599
9000447444
9512305019
9298387769
9774907523
9134985577
9145498539
9538992896
9298387769
9104735537
9031004468
9031004468
9062330819
9032622555
9283082166
9016561449
9873985559
9878560005
9236652648
9585685251
9202475555
9261150969
375296374740
9530500920
9034635336
9168555488
9260661011
9852615056
9197778266
9628099386
9828263771
9250462715
9519476569
9261470861
9112825702
9612774646
9771362987
9618890060
9269011951
9160713610
9775450520
9935659204
9220665283
9281518829
9298473786
9613507747
9254909703
9293586666
9248954941
905057985738
9264577679
9785466779
9173555536
92578828
9032124422
9209207788
9028662608
9647227636
9269173780
91035362
9814520094
9782038583
7770308203
9170429109
9204290099
9850262350
9778365226
9268928868
9081064202
9197670775
905052689123
9850924492
9172499215
9773922952
9025097288
9160444852
9217001616
9650740967
9081711800
9032806681
9895111990
9274595666
9958868305
9672710022
9536344068
9240118114
9101939307
9995623619
9872922231
9069425597
9235365267
9933341143
9092346798
9293434442
9216481487
9189475370
9134745585
9054827055
9215637155
98988996
9163543651
7019520464
7052915151
9030033712
9383000831
9212336977
9500093253
9652915555
9172791006
9636470052
9649346206
9380375888
9149388560
9263626263
9214177860
9851794170
9033988366
9196749881
9261458885
9517075852
9878269440
9503881074
9250956111
9872600727
9164321164
9251805556
9218905280
9506126999
9600646506
9376384854
9057199820
9067895997
9522474329
9234991748
9109946004
9091367776
9199749697
99912159
9281660209
9601325423
9649942277
9174247194
9283258577
9670988899
9279272880
9651653131
9031672373
9128461175
9138959001
9164066889
9953059563
9037298283
9188879669
9371875778
9129989258
9045060189
9501437628
9658295383
9618278576
9001970911
9532872594
9278825049
9287999916
9525594079
9081860313
9296577771
9313548534
9115735812
9263835889
9869322309
9259373923
9096185528
9295219909
9119091502
9188206312
9919755635
9121386452
9151274811
9274385650
9269058119
9254734154
9200706058
9851878389
9289418006
9089711987
9173424881
9184603677
9644681111
9184903851
9166881168
9688163337
9253722572
9852318064
9782204095
9282666909
9233093499
9853856592
9004762366
9027902890
9362537820
9038646452
9087183822
9165908250
9262575520
9268125258
9892331789
9254475919
9276109915
9298055747
9667490999
9252294505
9253090193
9500273936
9313415538
9257170090
9133727788
9043430361
9250956111
9166187115
9621661074
9506440721
9281925817
9171047749
9061713666
9775950809
9127294800
9605072984
9165750773
9159951234
9200983581
9923097020
9095109898
9227100847
9858098929
9653718416
9177815555
9835224368
9151991991
9955063133
9273310798
9140928232
9102433982
9131735571
9871823147
9773790903
9771266445
9166236008
9888981210
9284730097
9628104268
9530793007
9110346575
9250539682
9182356828
9651710645
9627118837
9636668334
9851328552
9231275903
9260605809
91646296
9203250355
9818345864
9097721712
9911502074
9936988
9169303340
9255288744
9138732548
91635880
99986989
95007319
9206345481
9853969046
7717004888
9164563618
9637620296
9037298283
9132460510
9313361956
9505549706
9872362339
9625814454
9933638124
9236080555
9102751426
9530065738
9248347087
9999890966
9179060780
9771622320
9185808905
9185175413
9269274000
9150018892
9031082250
9214017314
9111911110
9188958845
9385448861
9177000560
9959194574
9005407849
9119241911
9031066567
9037438209
9180450450
9370854824
9046472047
9162319551
9266834696
9262704447
9628390343
9603651895
9286115943
9054157073
9033078000
9620170208
9684294242
9102733031
9371649610
9787925340
9312360568
9039454383
9627068200
9878937333
90232282
9253131688
9036665888
9146378733
9637960917
9262803366
9881448027
9996243919
9197047297
9265829433
9368888256
9225140284
9657750768
9528122833
9030714141
9533865896
9128541241
9610715353
9287239997
9659490981
9922354270
9283855486
9377115952
9991459889
9050845906
9039615253
9501801776
9772662070
9226262856
9134824604
9196513804
9299621213
9910175509
9099727296
9001862041
9253404550
9502450111
9680561648
9646878664
9151544874
9185056491
905441830855
9146286400
9855207070
9108112811
90185287
9776098618
9652787557
9636811020
9035488722
9054526215
9222540252
9247536551
90817997
9299340166
9196340029
9649229590
9221437333
9162887978
9162657595
9213694936
9998698907
9647886334
9262731865
9835726215
9515014541
9057535314
9258913063
9154807320
9266829177
9999606914
9821082934
9851759066
9836323333
9162618206
9817980727
9177454220
9130898525
9535231777
9264777275
9094606030
9104775601
9384822502
9204613714
9650115515
9601777700
9175218177
9214482377
9827730095
9175671133
9207090830
9501676999
9295862713
9223665579
9161993767
9299990799
9500250244
9515014541
9251758736
9134911890
9261325647
9951140524
9236755213
9063282772
9874026209
9105077405
9627238116
96502022870
9857874286
9128856516
9271166111
9654205984
9038893353
9209200819
9631511286
9261533698
8964181155
9262233595
9857979164
9377776543
9117439933
9283942460
9206817761
9651551115
9678207130
9119122616
9276678037
9261272830
9041030888
9663227973
9162319551
9165556047
9266941827
9380798132
9656373188
9828001707
9223337137
9608384308
9771205015
9138087777
9279907155
9530499639
9996462653
9612770307
9914496161
9646455293
9091417767
9067224134
9995262276
9208921807
9000270027
9121680784
9956586888
9092342312
9216481487
9376516416
9283311211
9246718541
9264097889
9268471586
9655261153
9885902475
9302922996
9038552862
9033988366
9608118111
9185395565
9039395050
9036328768
9959010739
9659086073
9186300037
9036242587
9261456939
9383533003
9038077716
9819562516
9119241911
9174483515
9601091511
9169771657
7789220082
9191212424
9607766576
9313023197
9051953712
9511985614
9263241905
9166603076
9870958347
9261859611
9803467421
9313361956
9951084555
9139270173
9057456115
9877003596
9186104999
9501950839
9290650565
9959170062
9173483023
9226071777
9091616969
9871250173
9803877625
9294121105
9195803793
9063288589
9173250678
9262666122
9854576396
9198952755
9124449963
9775507226
9226338445
9858958721
9998426204
9629508822
8412422613
9539598330
9031946067
9993397620
9959986347
9995339499
9281430223
9081491105
9103372351
9251617417
9189069999
9610821072
9774990220
9207775825
9165783837
9654210961
9261272830
9671382171
9856325612
95024501
9636390075
9184929761
9872362339
9114906490
9229361127
9108781702
9265477177
9175130912
9176932941
9674623062
9094944001
9630353935
9852770707
9380793131
9059534646
9005998530
9110057034
9248637442
9881999000
9090050506
9696111125
9165651153
9067757379
9005998530
9200338212
9513636373
9850044252
9011876379
9186737488
9250790797
9870759010
9288440777
9261700154
9034329246
9267016138
9081527664
9127713799
9313346853
9841461988
9683833014
9264911031
9999718974
9036259780
9034562614
9958858956
99365818175
9282229033
9166040428
9052067779
9043220726
9173941438
9031587974
8924354799
9173828342
9856211153
9773883025
9096489699
9222252122
9179559210
9897623948
9822550393
9009255333
9055106202
9055128222
9897547448
9062019086
9819741779
9833078038
9096689070
9320501417
9634826868
9262422828
9052786099
9200465805
9997306443
9120791129
9660565588
9117292789
9031813155
9235993666
9289567900
9137599315
9636079603
9268928868
9231840984
9217904915
9163038638
9780990068
9652997808
9234966266
9269659810
9175057496
9958980528
9142023683
9892949418
9143183975
9613216079
998940638446
9064653694
9103800251
9112083201
9039612766
9885461904
9647226797
34607040724
9181597569
9099006907
9269307586
9268928868
9039030141
9672251441
9104016610
912729480
9197324633
9028714133
9625096066
9213838537
9151421929
9379700190
9151321989
9003309985
9653272527
9631540100
9892949418
9262324997
9234691303
9057919816
9687855627
9773641194
9261256713
9105654385
9209777181
9203122425
9637636885
9654178469
9047605238
9139186950
9308410221
9308894892
9815592539
9067885860
9124736780
9139303762
9186444403
9513060439
9656514831
9103207968
9370020996
9125294994
9831112893
9826975047
9588059312
9250908290
9115617265
9811531288
9858883055
9629225288
9898706705
9657011043
9087808221
9507043545
9266353333
9266353333
9778205800
9122208284
9202989828
9615179733
9632311084
9064818282
9067224134
9058111450
9600650417
9017912989
9119672057
9128081678
9202505515
9220454953
9999799772
9328506007
9780619237
9031800530
9032491848
9009575114
9806958252
9856841993
9511324539
9120261637
9852905959
9995400405
9289563506
9161235533
9374240958
9138264765
9086321373
9115534283
9261350604
9321223383
9372208087
9281430223
9049881994
9108143337
9684163003
9202989828
9780582012
9202211371
9857225771
9898899676
9212557880
9232800207
9264033225
9166140240
9277337775
9152169174
9685267320
9990840338
9898945680
9509595264
9096125840
9293454334
9102206408
9035901694
9040363132
9287416614
9882536488
9588016100
9033424520
9137902943
9141826349
9055055617
9104783224
9095463000
9622036806
9138111324
9185798525
9067280303
9603569770
9113127309
90317463
96412028
9000447444
9283501771
9053396685
9069831303
9205209991
9268003472
9160645179
9852337821
9212642085
9855092908
9269234883
9674000049
9884747900
9168516303
9315105105
9192225560
9016123357
9165066376
9682040303
9121496911
9224273890
9199930642
9061229100
9151000157
9110901290
9780869837
9871374766
9996060208
9775234073
9061229100
9257873790
9821243583
9647707288
9616066600
9150009694
9951163995
9818602567
9132483809
9141698407
9298098487
9162458779
9964020816
9857430236
9639941300
9195038809
9997177525
9251185723
9266637964
9055155347
9108112811
9899944156
9854350497
37361078263
9531787658
9275318036
9227005531
9313627097
9939153415
9933381790
9619818185
9043088020
9280033311
9127001474
9264320270
9215674399
9128107946
9297987711
9151860415
9850599266
9035385384
9969329881
9273674404
9034833301
9267570839
9773239596
9161010304
9139303762
9013859105
9192882740
9382004636
9131020077
9153519553
9259148233
9778809426
9502919882
9006232690
9627810600
9147585550
9014300648
9992032933
9147387141
9168500894
9063040077
9229650575
9228046003
9033489929
9118915523
9872086390
9204478793
9652452054
9873952787
9166735836
9636296475
9198722980
9099366636
9780402577
9671040842
9035129791
9648462248
9286329993
9093087799
9286660888
9625404545
9815592539
9686302121
9634474304
9501765561
9220608777
9516416587
9266331130
9991622057
9094853406
9272333622
9159926678
9261909983
9150009694
9649738333
9639632222
9268733199
9225538563
9260584756
9527232342
9090607753
9120479229
9023499919
9539475217
9257008223
9041745602
9822575474
9161376279
9216320265
9660420607
9534885703
9173722999
9152273296
9162256970
9660715000
9969224204
9687032359
9002074784
9512008918
9026661426
9534690545
9614141403
9032218491
9020904908
9261362476
9162185180
92035455
9234075725
9648709923
9997103160
9063033977
9651427676
9112634333
9002620312
9374120789
9150710964
9262154352
9373350989
9616484628
9514094284
9871350517
9265331151
9139634361
9265920352
9234731870
9781020123
9635111429
9615295122
9181244383
9065118187
9117036638
9998186860
9036665757
9629775208
9268589252
9119677532
9100705445
9219831479
9162825753
9277611086
9191133102
9263184053
9284006066
9043088020
9043088020
9639632222
9225424499
995557722365
9688532449
9115497181
9833221452
9613767998
9101236914
9119212781
9090039399
9778331378
9655980839
9613833100
9252051425
9177358501
9253888801
9653319279
9800956945
9149760505
9186426521
9263895497
9052577002
9894803132
9887021218
9250473333
9178229048
37529768974
9615343522
9885000208
9885000208
9068910811
9870705888
9646405782
9261997622
9662802238
9099688845
9181597569
9177065996
9606604111
9631551163
9213410286
9538117711
9622728313
9055413232
9779621899
9265664815
9268325915
9299778211
9380200103
9933636000
9955022050
9639905544
9170324777
9168282148
9037229180
9048842792
9257012223
9378466166
9184663309
9283020076
9601249426
9172777732
9628520897
9825638929
9193554526
9127466330
9807139313
9530898343
9991941382
9000982755
9055293868
9608979804
9957911931
9872477500
9269742989
9038733012
9281260980
9246758123
9968534227
9037865846
9186934758
9213475115
9085648888
9214101238
9091088190
9832239046
9993109783
9221079009
9689752435
9103904090
9160104091
9616707760
9260109300
9108626231
9252342295
9184962242
9055358972
9152262634
9678286868
9268968158
9273610811
9269220287
9237772630
9188206312
9184990729
9261595474
9054492858
9139548921
9639632222
9333027186
9819782423
9107924779
9194860331
9999727027
9196878848
9535962590
9279353088
9217438362
9308722068
9182603444
9507642902
9888604307
9122611695
9140700888
9646309300
9773061435
9640521965
9218657528
9522041031
9166157112
9030144817
9122856809
9055856700
9264721994
9371677007
9654800899
9659981121
9184411121
9525366865
9037790409
9852225800
9852254158
9263900907
9137902943
9283999948
9203289150
9280295307
9833929504
9175862846
9651889851
9213915567
9203289150
9021727812
9056025552
9158785632
9614552777
9204556758
9218960706
9261533698
9203545577
9672636397
9187101555
9377909937
9994022187
9162024848
9991622057
7022463218
9772500007
9888751023
9629055855
9615206906
9222660282
9261595474
9869527588
9179173468
9811668139
9788009703
9180727771
9212336977
9270055667
9225424499
9049054616
9959170062
9178623187
9260777396
9117822016
9200472929
9097688826
9207386989
9586499631
9123655889
9124099999
9111125035
9656633323
9641130656
9536760766
9087803131
9537071414
9266548824
9161652321
9617081308
9112699871
9107260123
9536236283
9162661316
9378552545
9851541304
9125884514
9064434585
9214043451
9252951100
9269213424
9030074747
9175118620
9099027777
9026079491
9095729398
89165587956
9034104235
9600887975
9687855627
9109946004
9122872667
9221475611
9624300077
9095008469
380503904105
9658925527
9787470037
9685123055
9254997304
9096556888
9260792164
9242009520
9320977953
9170429109
9679770252
9279272880
9998002218
9685845995
9184647890
9161049080
9788218332
9520317916
9145412297
9265913777
9254656658
9280503950
9631110426
9160729439
9162219619
9211866443
7775438888
9803724393
9201760887
9898190000
9151521988
9023804676
9114529411
9269334992
9165557727
9059590947
9999893869
9307513942
9160802102
9992140140
9647993339
9539455907
9165184519
9612027570
9614700017
9644111448
9619552986
9289567900
9650356974
9680095312
9628317479
9856454261
9028022201
9107260123
9158348882
9951240603
9600745833
9204238634
9043773712
9172549734
9661635270
9227147407
9037119811
9242039835
9379700190
9053490255
9302922996
9995151029
9620007799
9087440340
9268551133
9633030437
9372256288
9055416881
9244227169
9855811545
9119658069
9190207499
9163494101
9163252333
9172404987
9274887932
9996196387
9267330523
9054727771
9199609772
9161717128
9137833444
9052339567
9047133445
9939006911